{
    "0": {
        "id": 0,
        "geometry": [
            0.004,
            0.004,
            0.12617670243155718
        ],
        "position": [
            0.3321413576602936,
            0.18785864114761355,
            0.2607067942619324
        ],
        "rotation_matrix": [
            [
                0.0,
                -0.9813067629253165,
                0.19245008972987498
            ],
            [
                0.9805806756909201,
                -0.03774256780481984,
                -0.19245008972987543
            ],
            [
                0.19611613513818418,
                0.18871283902409908,
                0.9622504486493763
            ]
        ]
    },
    "1": {
        "id": 1,
        "geometry": [
            0.004,
            0.004,
            0.13856406553233935
        ],
        "position": [
            0.37999999970197684,
            0.16535898447036745,
            0.2
        ],
        "rotation_matrix": [
            [
                0.49999998768147785,
                -0.0,
                0.8660254108965405
            ],
            [
                0.8660254108965405,
                0.0,
                -0.49999998768147785
            ],
            [
                0.0,
                1.0,
                0.0
            ]
        ]
    },
    "2": {
        "id": 2,
        "geometry": [
            0.004,
            0.004,
            0.13856406553233933
        ],
        "position": [
            0.36535898447036746,
            0.17999999970197678,
            0.6000000000000001
        ],
        "rotation_matrix": [
            [
                -0.8660254108965406,
                0.0,
                0.4999999876814776
            ],
            [
                -0.4999999876814776,
                -0.0,
                -0.8660254108965406
            ],
            [
                0.0,
                -1.0,
                0.0
            ]
        ]
    },
    "3": {
        "id": 3,
        "geometry": [
            0.004,
            0.004,
            0.13856406211853023
        ],
        "position": [
            0.4,
            0.24000000059604645,
            0.6000000000000001
        ],
        "rotation_matrix": [
            [
                -0.0,
                0.0,
                1.0
            ],
            [
                1.0,
                -0.0,
                0.0
            ],
            [
                0.0,
                1.0,
                0.0
            ]
        ]
    },
    "4": {
        "id": 4,
        "geometry": [
            0.004,
            0.004,
            0.17484246416849886
        ],
        "position": [
            0.3537002854049206,
            0.24615809470415118,
            0.5158788800239563
        ],
        "rotation_matrix": [
            [
                -0.9646467267716811,
                -0.0185646364070192,
                0.26289170166393006
            ],
            [
                0.0,
                0.9975159029935818,
                0.07044163026860616
            ],
            [
                -0.2635463764286689,
                0.06795128806707192,
                -0.9622504507254563
            ]
        ]
    },
    "5": {
        "id": 5,
        "geometry": [
            0.004,
            0.004,
            0.15397483454556268
        ],
        "position": [
            0.3545032769441605,
            0.19085570722818374,
            0.545721459388733
        ],
        "rotation_matrix": [
            [
                0.0,
                -0.9510780897607137,
                0.30895059018735027
            ],
            [
                -0.7412969871064469,
                -0.20736057896605625,
                -0.6383418889574506
            ],
            [
                0.6711771576170512,
                -0.22902414167064142,
                -0.7050313224425719
            ]
        ]
    },
    "6": {
        "id": 6,
        "geometry": [
            0.004,
            0.004,
            0.19243646765261546
        ],
        "position": [
            0.4229823164641857,
            0.24615809470415118,
            0.5158788800239563
        ],
        "rotation_matrix": [
            [
                -0.8760703132148039,
                0.030860373104753185,
                -0.48119480844617496
            ],
            [
                0.0,
                0.9979498137974971,
                0.06400132140464398
            ],
            [
                0.48218337414692725,
                0.05606965768912778,
                -0.8742742059462285
            ]
        ]
    },
    "7": {
        "id": 7,
        "geometry": [
            0.004,
            0.004,
            0.22866103886205838
        ],
        "position": [
            0.4612284034490586,
            0.20994345471262932,
            0.48998540639877325
        ],
        "rotation_matrix": [
            [
                0.0,
                -0.9975159033443936,
                -0.07044162530080171
            ],
            [
                -0.9646467242144168,
                0.018564635757122652,
                -0.2628917110933706
            ],
            [
                0.263546385788906,
                0.06795128309475776,
                -0.962250448512954
            ]
        ]
    },
    "8": {
        "id": 8,
        "geometry": [
            0.004,
            0.004,
            0.17240966736625052
        ],
        "position": [
            0.4237853080034256,
            0.19085570722818374,
            0.545721459388733
        ],
        "rotation_matrix": [
            [
                0.0,
                -0.8493844559175918,
                -0.5277746167120739
            ],
            [
                -0.7412969871064469,
                0.3542302671072385,
                -0.570087444846875
            ],
            [
                0.6711771576170513,
                0.3912377332399202,
                -0.6296461380667596
            ]
        ]
    },
    "9": {
        "id": 9,
        "geometry": [
            0.004,
            0.004,
            0.2408497293482444
        ],
        "position": [
            0.4083413012325764,
            0.2607991099357605,
            0.3158788800239563
        ],
        "rotation_matrix": [
            [
                -0.9646467228667335,
                -0.018564631572781144,
                0.2628917163340036
            ],
            [
                0.0,
                0.9975159045586911,
                0.07044160810526973
            ],
            [
                -0.26354639072176894,
                0.06795126641221119,
                -0.9622504483399866
            ]
        ]
    },
    "10": {
        "id": 10,
        "geometry": [
            0.004,
            0.004,
            0.11738373474631048
        ],
        "position": [
            0.41492868885397916,
            0.21610154882073404,
            0.40586428642272954
        ],
        "rotation_matrix": [
            [
                0.6875595716734696,
                0.32035061071667015,
                0.6516420195273257
            ],
            [
                0.7261279745335495,
                -0.30333513707577364,
                -0.6170299500146055
            ],
            [
                0.0,
                0.897420347902073,
                -0.4411765170216134
            ]
        ]
    },
    "11": {
        "id": 11,
        "geometry": [
            0.004,
            0.004,
            0.13817735429527725
        ],
        "position": [
            0.3604826591908932,
            0.21401673555374146,
            0.3765856742858887
        ],
        "rotation_matrix": [
            [
                0.0,
                -0.9721208403636923,
                -0.2344804293125305
            ],
            [
                -0.8214710668968852,
                0.13371251081747862,
                -0.5543520999348507
            ],
            [
                0.5702501961869834,
                0.19261888843380412,
                -0.798569143886259
            ]
        ]
    },
    "12": {
        "id": 12,
        "geometry": [
            0.004,
            0.004,
            0.12569134256737208
        ],
        "position": [
            0.3774855934083462,
            0.19701380133628846,
            0.4616003394126892
        ],
        "rotation_matrix": [
            [
                0.0,
                0.9999183682831577,
                0.012777197264950725
            ],
            [
                -0.4748937365936276,
                0.011244484878999582,
                -0.8799713066367266
            ],
            [
                -0.8800431460696357,
                -0.00606781095234633,
                0.4748549702025917
            ]
        ]
    },
    "13": {
        "id": 13,
        "geometry": [
            0.004,
            0.004,
            0.1385640621185303
        ],
        "position": [
            0.4400000005960465,
            0.2,
            0.2
        ],
        "rotation_matrix": [
            [
                0.0,
                1.0,
                0.0
            ],
            [
                -0.0,
                0.0,
                -1.0
            ],
            [
                -1.0,
                0.0,
                0.0
            ]
        ]
    },
    "14": {
        "id": 14,
        "geometry": [
            0.004,
            0.004,
            0.2013816179303216
        ],
        "position": [
            0.44658738821744925,
            0.2245844699442387,
            0.28998540639877324
        ],
        "rotation_matrix": [
            [
                0.0,
                -0.9978576904248656,
                0.06542193561759925
            ],
            [
                0.8955990898982907,
                -0.029103738352899686,
                -0.4439090476519254
            ],
            [
                0.44486207994540666,
                0.05859182599850646,
                0.89368043939252
            ]
        ]
    },
    "15": {
        "id": 15,
        "geometry": [
            0.004,
            0.004,
            0.18071364132742107
        ],
        "position": [
            0.3921413585543633,
            0.22249965667724614,
            0.2607067942619324
        ],
        "rotation_matrix": [
            [
                0.785308979220404,
                -0.32054200858241005,
                -0.5296627491996783
            ],
            [
                0.0,
                0.8555310877710403,
                -0.5177514440900196
            ],
            [
                0.6191040358096587,
                0.40659485804822343,
                0.6718562452287974
            ]
        ]
    },
    "16": {
        "id": 16,
        "geometry": [
            0.004,
            0.004,
            0.11281582766044965
        ],
        "position": [
            0.38914429247379306,
            0.13085570633411409,
            0.545721459388733
        ],
        "rotation_matrix": [
            [
                0.0,
                -0.9813067648441158,
                -0.1924500799458779
            ],
            [
                -0.9805806777616906,
                -0.03774256389342051,
                0.19245007994587804
            ],
            [
                -0.1961161247843323,
                0.18871282982862042,
                -0.962250452562975
            ]
        ]
    },
    "17": {
        "id": 17,
        "geometry": [
            0.004,
            0.004,
            0.1870311546546848
        ],
        "position": [
            0.44658738821744925,
            0.15530243888497353,
            0.28998540639877324
        ],
        "rotation_matrix": [
            [
                0.0,
                -0.997515904580158,
                0.07044160780127796
            ],
            [
                0.9646467248695444,
                0.01856463097627215,
                0.2628917090270754
            ],
            [
                -0.26354638339097286,
                0.06795126626004773,
                0.9622504503585303
            ]
        ]
    },
    "18": {
        "id": 18,
        "geometry": [
            0.004,
            0.004,
            0.16102172571710316
        ],
        "position": [
            0.3921413585543633,
            0.15321762561798097,
            0.2607067942619324
        ],
        "rotation_matrix": [
            [
                0.7853089792204041,
                0.1730155131697889,
                -0.5944370777116798
            ],
            [
                0.0,
                0.9601570064622185,
                0.27946112957173785
            ],
            [
                0.6191040358096587,
                -0.2194633343957626,
                0.7540199186361635
            ]
        ]
    },
    "19": {
        "id": 19,
        "geometry": [
            0.004,
            0.004,
            0.1237085885634692
        ],
        "position": [
            0.39872874617576604,
            0.17780209556221965,
            0.3506922006607056
        ],
        "rotation_matrix": [
            [
                0.47361719239719724,
                0.02968523516748358,
                -0.8802303913628793
            ],
            [
                0.0,
                -0.999431817291335,
                -0.033705230836466135
            ],
            [
                -0.8807308073786202,
                0.015963376797866524,
                -0.4733480912979508
            ]
        ]
    },
    "20": {
        "id": 20,
        "geometry": [
            0.004,
            0.004,
            0.13961139070262615
        ],
        "position": [
            0.41573168039321906,
            0.16079916134476663,
            0.4357068657875061
        ],
        "rotation_matrix": [
            [
                0.8300810713482298,
                -0.15248245253674805,
                -0.5363902652525989
            ],
            [
                0.0,
                0.9618887431328801,
                -0.27344111950152694
            ],
            [
                0.5576427305985213,
                0.2269782974264868,
                0.7984456384175433
            ]
        ]
    },
    "21": {
        "id": 21,
        "geometry": [
            0.004,
            0.004,
            0.1766996641833606
        ],
        "position": [
            0.3612856507301331,
            0.15871434807777407,
            0.40642825365066526
        ],
        "rotation_matrix": [
            [
                0.9805806730467082,
                0.037742572799371224,
                0.19245010222327463
            ],
            [
                0.0,
                0.9813067604751591,
                -0.1924501022232745
            ],
            [
                -0.19611614835924318,
                0.18871285076600633,
                0.9622504436520164
            ]
        ]
    },
    "22": {
        "id": 22,
        "geometry": [
            0.004,
            0.004,
            0.13856406553233933
        ],
        "position": [
            0.37999999970197684,
            0.23464101552963262,
            0.2
        ],
        "rotation_matrix": [
            [
                -0.4999999876814778,
                0.0,
                0.8660254108965407
            ],
            [
                0.8660254108965407,
                -0.0,
                0.4999999876814778
            ],
            [
                0.0,
                1.0,
                0.0
            ]
        ]
    },
    "23": {
        "id": 23,
        "geometry": [
            0.004,
            0.004,
            0.13856406553233933
        ],
        "position": [
            0.4346410155296326,
            0.17999999970197678,
            0.6000000000000001
        ],
        "rotation_matrix": [
            [
                0.8660254108965406,
                0.0,
                0.4999999876814776
            ],
            [
                -0.4999999876814776,
                0.0,
                0.8660254108965406
            ],
            [
                0.0,
                -1.0,
                0.0
            ]
        ]
    }
}