[
    {
        "sequence_index": 0,
        "bar_deformations": [
            {
                "bar_id": "15",
                "deformed_position": [
                    0.3903229757635608,
                    0.22072216679851822,
                    0.2577380430737582
                ],
                "deformed_quaternion": [
                    -0.04733028886493983,
                    -0.43721961717394253,
                    0.6932700065849006,
                    0.5709426837117754
                ],
                "deformed_link_quaternion": [
                    [
                        0.005856533619584397,
                        0.0038462617569242005,
                        1.9937596921832175e-12,
                        0.9999754533409607
                    ],
                    [
                        0.009101102093078767,
                        0.005977122869529016,
                        2.1383529891275774e-12,
                        0.9999407202144005
                    ],
                    [
                        0.012996573278240109,
                        0.00853546251254582,
                        1.6603235475289798e-12,
                        0.9998791101741852
                    ],
                    [
                        -0.0033049123384122155,
                        -0.0021704917673226005,
                        -3.6771394426056184e-13,
                        0.9999921832294107
                    ],
                    [
                        -0.0014711750913976112,
                        -0.0009661900669720526,
                        8.951915585671603e-13,
                        0.9999984510591029
                    ],
                    [
                        -0.0003679780879473582,
                        -0.0002416685568409602,
                        -3.898951851057862e-13,
                        0.999999903094213
                    ]
                ],
                "relative_displacement": [
                    -0.0018183827908024863,
                    -0.001777489878727917,
                    -0.00296875118817419
                ],
                "rotation_matrix": [
                    [
                        0.9985001034165943,
                        -0.0014661632648125603,
                        -0.05473019132371995
                    ],
                    [
                        -0.0014661689444265616,
                        0.9985668058250691,
                        -0.053499389276372794
                    ],
                    [
                        0.05473019117156887,
                        0.053499389432024244,
                        0.9970669092416636
                    ]
                ],
                "local_coordinate_system": [
                    [
                        -0.32054200858240944,
                        -0.7853089792204045,
                        -0.5296627491996778
                    ],
                    [
                        0.8555310877710403,
                        2.775557561562892e-17,
                        -0.5177514440900194
                    ],
                    [
                        0.4065948580482235,
                        -0.619104035809658,
                        0.671856245228798
                    ]
                ]
            }
        ],
        "joint_deformations": [
            {
                "node_id": "1",
                "deformed_position": [
                    0.3389265063188303,
                    0.1704815258819774,
                    0.31249659896163784
                ]
            },
            {
                "node_id": "9",
                "deformed_position": [
                    0.4400000005960465,
                    0.2692820310592652,
                    0.19999999999893972
                ]
            }
        ]
    },
    {
        "sequence_index": 1,
        "bar_deformations": [
            {
                "bar_id": "15",
                "deformed_position": [
                    0.3901138093271801,
                    0.2206667686575712,
                    0.2575104146851728
                ],
                "deformed_quaternion": [
                    -0.048032735943329324,
                    -0.4386592946547814,
                    0.6925460022412474,
                    0.5706583165699368
                ],
                "deformed_link_quaternion": [
                    [
                        0.0058727600488191044,
                        0.0038545022752954315,
                        -8.208718931795779e-06,
                        0.9999753264127249
                    ],
                    [
                        0.009126632217503833,
                        0.005989914293979328,
                        -1.2744543090090969e-05,
                        0.9999404108989165
                    ],
                    [
                        0.013033692826889213,
                        0.008553698834342122,
                        -1.8182982166136245e-05,
                        0.9998784709938128
                    ],
                    [
                        -0.00331399990870815,
                        -0.00217514558431471,
                        4.635497877449176e-06,
                        0.9999921430315362
                    ],
                    [
                        -0.001475204893749504,
                        -0.0009682628490357307,
                        2.0643036288220212e-06,
                        0.9999984431154457
                    ],
                    [
                        -0.00036898479196826434,
                        -0.00024218725738788606,
                        5.164145828613462e-07,
                        0.9999999025976398
                    ]
                ],
                "relative_displacement": [
                    -0.0020275492271831785,
                    -0.001832888019674933,
                    -0.0031963795767596115
                ],
                "rotation_matrix": [
                    [
                        0.9983333737384443,
                        -0.0007167610154044813,
                        -0.057705815423249554
                    ],
                    [
                        -0.002476301084978959,
                        0.9984698726887473,
                        -0.055242929555311515
                    ],
                    [
                        0.05765711415733432,
                        0.05529375721149156,
                        0.9968040216614721
                    ]
                ],
                "local_coordinate_system": [
                    [
                        -0.32054200858240944,
                        -0.7853089792204045,
                        -0.5296627491996778
                    ],
                    [
                        0.8555310877710403,
                        2.775557561562892e-17,
                        -0.5177514440900194
                    ],
                    [
                        0.4065948580482235,
                        -0.619104035809658,
                        0.671856245228798
                    ]
                ]
            },
            {
                "bar_id": "9",
                "deformed_position": [
                    0.40332646938516714,
                    0.2591309602346943,
                    0.3142149614480896
                ],
                "deformed_quaternion": [
                    0.692474744623577,
                    0.6993366875247993,
                    0.15376542313313987,
                    0.08810857046303365
                ],
                "deformed_link_quaternion": [
                    [
                        -0.0040739907151774064,
                        0.0010828680705819726,
                        9.547735492287827e-06,
                        0.9999911149131452
                    ],
                    [
                        -0.0018211646466886311,
                        0.000484043900664966,
                        4.269959963002933e-06,
                        0.9999982245197235
                    ],
                    [
                        -0.00045612618549244,
                        0.00012123069775612942,
                        1.069646101438404e-06,
                        0.9999998886254322
                    ],
                    [
                        0.007158131360781209,
                        -0.0019028002964825293,
                        -1.6762750168504447e-05,
                        0.9999725697365222
                    ],
                    [
                        0.010965048734113705,
                        -0.0029151746418056247,
                        -2.5652064935488286e-05,
                        0.9999356323309205
                    ],
                    [
                        0.015319409471658888,
                        -0.004073626522837079,
                        -3.580593360568143e-05,
                        0.9998743520954656
                    ]
                ],
                "relative_displacement": [
                    -0.005014831847409251,
                    -0.0016681497010662127,
                    -0.0016639185758667296
                ],
                "rotation_matrix": [
                    [
                        0.9970208791595677,
                        -0.0016861049487550065,
                        -0.07711370546138041
                    ],
                    [
                        -0.00013020356928297293,
                        0.9997228272756964,
                        -0.023542550221222678
                    ],
                    [
                        0.07713202685599085,
                        0.023482454598913415,
                        0.9967443126294209
                    ]
                ],
                "local_coordinate_system": [
                    [
                        -0.018564631572780953,
                        0.9646467228667339,
                        0.2628917163340024
                    ],
                    [
                        0.9975159045586911,
                        0.0,
                        0.07044160810526932
                    ],
                    [
                        0.06795126641221082,
                        0.26354639072176783,
                        -0.962250448339987
                    ]
                ]
            }
        ],
        "joint_deformations": [
            {
                "node_id": "1",
                "deformed_position": [
                    0.3385101754118357,
                    0.17037390470754243,
                    0.31202564755768686
                ]
            },
            {
                "node_id": "6",
                "deformed_position": [
                    0.36179307074430284,
                    0.24763706370342206,
                    0.42666378793852583
                ]
            },
            {
                "node_id": "9",
                "deformed_position": [
                    0.4400000005960465,
                    0.2692820310592652,
                    0.19999999999752657
                ]
            }
        ]
    },
    {
        "sequence_index": 2,
        "bar_deformations": [
            {
                "bar_id": "15",
                "deformed_position": [
                    0.3901479305768889,
                    0.22043445594691416,
                    0.25734274696463455
                ],
                "deformed_quaternion": [
                    -0.04718855774720252,
                    -0.4398640073851678,
                    0.6923981408818591,
                    0.569980446619132
                ],
                "deformed_link_quaternion": [
                    [
                        0.0058817416000182966,
                        0.003864958553581392,
                        6.419731723796904e-06,
                        0.9999752332782631
                    ],
                    [
                        0.009140572691867424,
                        0.006006532392059117,
                        9.967607255281178e-06,
                        0.9999401839110851
                    ],
                    [
                        0.013053564528345503,
                        0.008578207466018478,
                        1.4221753015849228e-05,
                        0.9998780018619852
                    ],
                    [
                        -0.00331907245568735,
                        -0.0021809645722170954,
                        -3.625078203352743e-06,
                        0.9999921135381157
                    ],
                    [
                        -0.001477464098058595,
                        -0.0009708346052619721,
                        -1.6142803455632385e-06,
                        0.9999984372874802
                    ],
                    [
                        -0.0003695500408520961,
                        -0.00024282890576038453,
                        -4.038229073181623e-07,
                        0.9999999022333587
                    ]
                ],
                "relative_displacement": [
                    -0.0019934279774743713,
                    -0.0020652007303319786,
                    -0.003364047297297834
                ],
                "rotation_matrix": [
                    [
                        0.9982889110222434,
                        -0.002386787098986371,
                        -0.05842562261001352
                    ],
                    [
                        -0.0010091208795708906,
                        0.9983146084737863,
                        -0.05802520299733116
                    ],
                    [
                        0.05846564636668293,
                        0.05798487522772802,
                        0.9966039947941966
                    ]
                ],
                "local_coordinate_system": [
                    [
                        -0.32054200858240944,
                        -0.7853089792204045,
                        -0.5296627491996778
                    ],
                    [
                        0.8555310877710403,
                        2.775557561562892e-17,
                        -0.5177514440900194
                    ],
                    [
                        0.4065948580482235,
                        -0.619104035809658,
                        0.671856245228798
                    ]
                ]
            },
            {
                "bar_id": "9",
                "deformed_position": [
                    0.4033934635088757,
                    0.2586302161433476,
                    0.31419069880003153
                ],
                "deformed_quaternion": [
                    0.6922078894114738,
                    0.6995136739400277,
                    0.15517587265881844,
                    0.08630936421971612
                ],
                "deformed_link_quaternion": [
                    [
                        -0.004068357926121756,
                        0.0011332250293337746,
                        2.481900927939746e-05,
                        0.99999108178465
                    ],
                    [
                        -0.0018186533545870246,
                        0.0005065193532710867,
                        1.1099750438417375e-05,
                        0.9999982179058702
                    ],
                    [
                        -0.0004554974786491671,
                        0.0001268565998096746,
                        2.7805227195698167e-06,
                        0.9999998882108531
                    ],
                    [
                        0.007148185482662284,
                        -0.001991542059492484,
                        -4.357334360562911e-05,
                        0.9999724672739218
                    ],
                    [
                        0.010949695397837134,
                        -0.0030517512098181343,
                        -6.667874124751933e-05,
                        0.9999353911824471
                    ],
                    [
                        0.015297727205388254,
                        -0.004265695858374667,
                        -9.307003035889403e-05,
                        0.9998738794063794
                    ]
                ],
                "relative_displacement": [
                    -0.0049478377237006654,
                    -0.002168893792412918,
                    -0.0016881812239247784
                ],
                "rotation_matrix": [
                    [
                        0.9970596752515222,
                        -0.0030927048313606695,
                        -0.07656656688238862
                    ],
                    [
                        0.0009503875401494484,
                        0.9996074589575863,
                        -0.028000442137244543
                    ],
                    [
                        0.07662310846508864,
                        0.02784534383310304,
                        0.9966712276753873
                    ]
                ],
                "local_coordinate_system": [
                    [
                        -0.018564631572780953,
                        0.9646467228667339,
                        0.2628917163340024
                    ],
                    [
                        0.9975159045586911,
                        0.0,
                        0.07044160810526932
                    ],
                    [
                        0.06795126641221082,
                        0.26354639072176783,
                        -0.962250448339987
                    ]
                ]
            },
            {
                "bar_id": "14",
                "deformed_position": [
                    0.44640525391278935,
                    0.22089273981850782,
                    0.28804176882073945
                ],
                "deformed_quaternion": [
                    0.26274571412541736,
                    0.032995816370838864,
                    0.00655000145446636,
                    0.964278519563561
                ],
                "deformed_link_quaternion": [
                    [
                        -0.006248321425340026,
                        -0.0007525533470375193,
                        -4.2114906152780744e-05,
                        0.9999801949884609
                    ],
                    [
                        -0.009660482030497318,
                        -0.0011626495041172382,
                        -6.506270931919181e-05,
                        0.9999526584293443
                    ],
                    [
                        -0.013689486630745722,
                        -0.0016457638852857119,
                        -9.212794743416734e-05,
                        0.9999049359461437
                    ],
                    [
                        0.0035367576604952906,
                        0.00042616673552070864,
                        2.385241745851069e-05,
                        0.999993654558981
                    ],
                    [
                        0.001576754267845506,
                        0.00019003896141026202,
                        1.0637438305251882e-05,
                        0.9999987388082132
                    ],
                    [
                        0.0003945745902781304,
                        4.756057045742432e-05,
                        2.6623143469410338e-06,
                        0.9999999210208954
                    ]
                ],
                "relative_displacement": [
                    -0.00018213430465990887,
                    -0.0036917301257308743,
                    -0.0019436375780337856
                ],
                "rotation_matrix": [
                    [
                        0.9999875464824428,
                        0.0034776556809292614,
                        0.0035794959127241253
                    ],
                    [
                        -0.003215468432399421,
                        0.9974843488886509,
                        -0.07081408394482346
                    ],
                    [
                        -0.0038167581511737276,
                        0.07080169230427448,
                        0.9974831089918598
                    ]
                ],
                "local_coordinate_system": [
                    [
                        0.9978576904248655,
                        0.0,
                        0.06542193561759922
                    ],
                    [
                        0.029103738352899686,
                        0.8955990898982906,
                        -0.44390904765192557
                    ],
                    [
                        -0.05859182599850643,
                        0.44486207994540683,
                        0.8936804393925197
                    ]
                ]
            }
        ],
        "joint_deformations": [
            {
                "node_id": "1",
                "deformed_position": [
                    0.33858154202070323,
                    0.16991001731212943,
                    0.31167879365635465
                ]
            },
            {
                "node_id": "6",
                "deformed_position": [
                    0.36193614715376393,
                    0.24657316690497272,
                    0.4266086194917018
                ]
            },
            {
                "node_id": "8",
                "deformed_position": [
                    0.45325325286789064,
                    0.16921711792100297,
                    0.3741883661079223
                ]
            },
            {
                "node_id": "9",
                "deformed_position": [
                    0.4400000005960465,
                    0.2692820310592652,
                    0.199999999996345
                ]
            }
        ]
    },
    {
        "sequence_index": 3,
        "bar_deformations": [
            {
                "bar_id": "15",
                "deformed_position": [
                    0.39020614670978315,
                    0.22227975436915062,
                    0.2589425710367863
                ],
                "deformed_quaternion": [
                    -0.05702999164463544,
                    -0.4190367887890094,
                    0.6962194797923361,
                    0.5800294696410665
                ],
                "deformed_link_quaternion": [
                    [
                        0.0033247303767239235,
                        -0.001176956703666638,
                        5.5242373841554736e-05,
                        0.9999937789252091
                    ],
                    [
                        0.005848672445272464,
                        -0.0008323745479639032,
                        4.7858448859152824e-05,
                        0.9999825487941321
                    ],
                    [
                        0.009043184884233044,
                        -4.9213477375108835e-05,
                        3.918419618052647e-05,
                        0.9999591075887964
                    ],
                    [
                        -0.001495816357387249,
                        0.0010771117306536521,
                        -5.031636624883189e-05,
                        0.9999982999145589
                    ],
                    [
                        -0.0003729663075530852,
                        0.000529841975330964,
                        -2.5478356846102986e-05,
                        0.9999997897572119
                    ],
                    [
                        4.2078218002745494e-05,
                        -0.0004675509995701377,
                        2.3363229488798803e-05,
                        0.9999998895398169
                    ]
                ],
                "relative_displacement": [
                    -0.0019352118445801203,
                    -0.00021990230809551536,
                    -0.0017642232251460777
                ],
                "rotation_matrix": [
                    [
                        0.9990333737618992,
                        0.018491655994155975,
                        -0.03987952818817179
                    ],
                    [
                        -0.019088464807898095,
                        0.9997106557397396,
                        -0.014636779416851061
                    ],
                    [
                        0.03959733098574989,
                        0.015383870092200937,
                        0.9990972865140768
                    ]
                ],
                "local_coordinate_system": [
                    [
                        -0.32054200858240944,
                        -0.7853089792204045,
                        -0.5296627491996778
                    ],
                    [
                        0.8555310877710403,
                        2.775557561562892e-17,
                        -0.5177514440900194
                    ],
                    [
                        0.4065948580482235,
                        -0.619104035809658,
                        0.671856245228798
                    ]
                ]
            },
            {
                "bar_id": "9",
                "deformed_position": [
                    0.40346865298841983,
                    0.25899267062995734,
                    0.3142483542979258
                ],
                "deformed_quaternion": [
                    0.6924594636547123,
                    0.6994718466582897,
                    0.15373418702324834,
                    0.08720565731517203
                ],
                "deformed_link_quaternion": [
                    [
                        -0.0040594172683842055,
                        0.0010951395597700254,
                        1.4808489299534546e-05,
                        0.9999911607516812
                    ],
                    [
                        -0.0018146577729868457,
                        0.0004895163615627683,
                        6.6229206788066985e-06,
                        0.9999982336719578
                    ],
                    [
                        -0.00045449685567493193,
                        0.00012260016346585907,
                        1.6590743042250186e-06,
                        0.9999998891995217
                    ],
                    [
                        0.00713246569536095,
                        -0.0019244604609655604,
                        -2.5997312195088736e-05,
                        0.9999727114822576
                    ],
                    [
                        0.010925585960006137,
                        -0.002948596385542909,
                        -3.978040198850982e-05,
                        0.9999359658339655
                    ],
                    [
                        0.015263981655029346,
                        -0.004120786682695235,
                        -5.552290140781061e-05,
                        0.9998750056373837
                    ]
                ],
                "relative_displacement": [
                    -0.004872648244156563,
                    -0.0018064393058031536,
                    -0.0016305257260305073
                ],
                "rotation_matrix": [
                    [
                        0.9971221923292428,
                        -0.0021348037868353744,
                        -0.07578110699452924
                    ],
                    [
                        0.0002602185975907075,
                        0.9996939324919282,
                        -0.024738100677006002
                    ],
                    [
                        0.07581072385095687,
                        0.024647189527731764,
                        0.996817561140241
                    ]
                ],
                "local_coordinate_system": [
                    [
                        -0.018564631572780953,
                        0.9646467228667339,
                        0.2628917163340024
                    ],
                    [
                        0.9975159045586911,
                        0.0,
                        0.07044160810526932
                    ],
                    [
                        0.06795126641221082,
                        0.26354639072176783,
                        -0.962250448339987
                    ]
                ]
            },
            {
                "bar_id": "14",
                "deformed_position": [
                    0.44643335309090115,
                    0.22113149582191377,
                    0.288170778629679
                ],
                "deformed_quaternion": [
                    0.26137647280543813,
                    0.033118455789399155,
                    0.006626442717826254,
                    0.9646458405066707
                ],
                "deformed_link_quaternion": [
                    [
                        -0.006218734825668569,
                        -0.0007523045908650548,
                        -3.832222328240208e-05,
                        0.9999803797607121
                    ],
                    [
                        -0.009614560674144328,
                        -0.0011623445014674176,
                        -5.920583531593189e-05,
                        0.9999531017367626
                    ],
                    [
                        -0.013624033776375973,
                        -0.0016454926715548286,
                        -8.383841360716048e-05,
                        0.9999058310804315
                    ],
                    [
                        0.00352005014558938,
                        0.0004260080752744625,
                        2.1703770373679354e-05,
                        0.9999937136267602
                    ],
                    [
                        0.0015693144977691302,
                        0.0001899641137210379,
                        9.679062494237299e-06,
                        0.9999987505351986
                    ],
                    [
                        0.00039271351155562945,
                        4.754145502631544e-05,
                        2.422440731310441e-06,
                        0.9999999217550168
                    ]
                ],
                "relative_displacement": [
                    -0.00015403512654810214,
                    -0.0034529741223249255,
                    -0.0018146277690942458
                ],
                "rotation_matrix": [
                    [
                        0.999987860571442,
                        0.0031916582275407883,
                        0.003753934936714261
                    ],
                    [
                        -0.002929066162091292,
                        0.9976817308770313,
                        -0.06798959071526474
                    ],
                    [
                        -0.003962231841854348,
                        0.06797776983668773,
                        0.9976789681690508
                    ]
                ],
                "local_coordinate_system": [
                    [
                        0.9978576904248655,
                        0.0,
                        0.06542193561759922
                    ],
                    [
                        0.029103738352899686,
                        0.8955990898982906,
                        -0.44390904765192557
                    ],
                    [
                        -0.05859182599850643,
                        0.44486207994540683,
                        0.8936804393925197
                    ]
                ]
            },
            {
                "bar_id": "18",
                "deformed_position": [
                    0.39022357213406755,
                    0.15319676878055488,
                    0.25913709995675693
                ],
                "deformed_quaternion": [
                    -0.341930662176834,
                    -0.1519990711167852,
                    0.6249370166018828,
                    0.6851521217391684
                ],
                "deformed_link_quaternion": [
                    [
                        0.0046324347126013125,
                        0.00012542151603641178,
                        -4.336147519575914e-06,
                        0.9999892623419887
                    ],
                    [
                        0.007501590530609291,
                        0.0001620156976733224,
                        -5.203874498591953e-06,
                        0.9999718495354479
                    ],
                    [
                        0.010816778349495354,
                        3.678342874844686e-05,
                        -1.7518876254079154e-06,
                        0.9999414962636806
                    ],
                    [
                        -0.0022433717766514407,
                        7.475034579085026e-05,
                        -5.153172805025123e-06,
                        0.999997480831278
                    ],
                    [
                        -0.0003557915802552836,
                        0.00043965770433369817,
                        -2.564404711543361e-05,
                        0.9999998397279058
                    ],
                    [
                        0.001019085704765795,
                        0.000970602527772746,
                        -5.7549086398078525e-05,
                        0.9999990080410891
                    ]
                ],
                "relative_displacement": [
                    -0.0019177864202957196,
                    -2.085683742608646e-05,
                    -0.0015696943051754508
                ],
                "rotation_matrix": [
                    [
                        0.9986092305714873,
                        -0.011821798299518084,
                        -0.05137946771218919
                    ],
                    [
                        0.01227616263621986,
                        0.999888203784409,
                        0.008536730270858406
                    ],
                    [
                        0.05127280417874041,
                        -0.009155600349175478,
                        0.9986427161572325
                    ]
                ],
                "local_coordinate_system": [
                    [
                        0.17301551316978883,
                        -0.7853089792204047,
                        -0.5944370777116791
                    ],
                    [
                        0.9601570064622181,
                        0.0,
                        0.2794611295717382
                    ],
                    [
                        -0.2194633343957629,
                        -0.6191040358096579,
                        0.7540199186361639
                    ]
                ]
            }
        ],
        "joint_deformations": [
            {
                "node_id": "1",
                "deformed_position": [
                    0.3388410985824533,
                    0.17571179790892683,
                    0.3168855729502694
                ]
            },
            {
                "node_id": "2",
                "deformed_position": [
                    0.44000000059606026,
                    0.13071796894055057,
                    0.19999999999888946
                ]
            },
            {
                "node_id": "6",
                "deformed_position": [
                    0.36209370618749653,
                    0.24734475351173607,
                    0.42673974361154243
                ]
            },
            {
                "node_id": "8",
                "deformed_position": [
                    0.4533099352954677,
                    0.16970523662750198,
                    0.37446420234735867
                ]
            },
            {
                "node_id": "9",
                "deformed_position": [
                    0.4400000005960327,
                    0.2692820310594495,
                    0.1999999999965108
                ]
            }
        ]
    },
    {
        "sequence_index": 4,
        "bar_deformations": [
            {
                "bar_id": "15",
                "deformed_position": [
                    0.3902338340801682,
                    0.2222774712134152,
                    0.258964545797015
                ],
                "deformed_quaternion": [
                    -0.056817802213605835,
                    -0.418796856753472,
                    0.6963678819094214,
                    0.5800454319878862
                ],
                "deformed_link_quaternion": [
                    [
                        0.0032573271364064356,
                        -0.0011816379363380344,
                        5.468048386032782e-05,
                        0.9999939952628508
                    ],
                    [
                        0.005744423781178605,
                        -0.0008302549917060133,
                        4.7208682225851366e-05,
                        0.9999831548798266
                    ],
                    [
                        0.008902729229116418,
                        -4.006737218600584e-05,
                        3.85536207556489e-05,
                        0.9999603683749158
                    ],
                    [
                        -0.0014653314148682652,
                        0.0010883464782629837,
                        -5.0093888548457756e-05,
                        0.9999983328968055
                    ],
                    [
                        -0.00037909984535821185,
                        0.0005473768820771997,
                        -2.5912290737275602e-05,
                        0.9999997779951801
                    ],
                    [
                        -1.88772161222204e-07,
                        -0.00044396104900158674,
                        2.1971481667777786e-05,
                        0.9999999012078978
                    ]
                ],
                "relative_displacement": [
                    -0.0019075244741950659,
                    -0.00022218546383093174,
                    -0.0017422484649173842
                ],
                "rotation_matrix": [
                    [
                        0.9990628011508967,
                        0.018200575757257354,
                        -0.03927159786191659
                    ],
                    [
                        -0.01878008668364727,
                        0.9997193816056796,
                        -0.014438365077538873
                    ],
                    [
                        0.0389977909717775,
                        0.0151623574704574,
                        0.999124254142226
                    ]
                ],
                "local_coordinate_system": [
                    [
                        -0.32054200858240944,
                        -0.7853089792204045,
                        -0.5296627491996778
                    ],
                    [
                        0.8555310877710403,
                        2.775557561562892e-17,
                        -0.5177514440900194
                    ],
                    [
                        0.4065948580482235,
                        -0.619104035809658,
                        0.671856245228798
                    ]
