[
    {
        "sequence_index": 0,
        "bar_deformations": [
            {
                "bar_id": "15",
                "deformed_position": [
                    0.3910356381740945,
                    0.22141880218050183,
                    0.2589475628159798
                ],
                "deformed_quaternion": [
                    -0.0456579444092895,
                    -0.421771141100062,
                    0.699015836694384,
                    0.5756746621989891
                ],
                "deformed_link_quaternion": [
                    [
                        0.0028426128475963243,
                        0.0018668782557028953,
                        -1.6389048229376267e-12,
                        0.9999942171421679
                    ],
                    [
                        0.004429037322166314,
                        0.0029087581635434128,
                        -1.0540079526951872e-12,
                        0.9999859612786296
                    ],
                    [
                        0.006350516715795948,
                        0.004170684454109609,
                        -4.2008699499867403e-13,
                        0.9999711377477986
                    ],
                    [
                        -0.0016016604659891674,
                        -0.0010518861824219798,
                        1.9079533208917627e-12,
                        0.9999981641079202
                    ],
                    [
                        -0.000712440495297016,
                        -0.0004678933972135551,
                        1.900812338242099e-12,
                        0.9999996367520888
                    ],
                    [
                        -0.0001781571339461,
                        -0.00011700423036185789,
                        7.659744319144952e-13,
                        0.9999999772850227
                    ]
                ],
                "relative_displacement": [
                    -0.0011057203802687932,
                    -0.0010808544967443046,
                    -0.0017592314459525804
                ],
                "rotation_matrix": [
                    [
                        0.9995458076626329,
                        -0.0004439790852682262,
                        -0.03013272750062403
                    ],
                    [
                        -0.00044397743898311794,
                        0.9995660061145402,
                        -0.029455089615566164
                    ],
                    [
                        0.030132727524880536,
                        0.02945508959075161,
                        0.999111813777173
                    ]
                ],
                "local_coordinate_system": [
                    [
                        -0.32054200858240944,
                        -0.7853089792204045,
                        -0.5296627491996778
                    ],
                    [
                        0.8555310877710403,
                        2.775557561562892e-17,
                        -0.5177514440900194
                    ],
                    [
                        0.4065948580482235,
                        -0.619104035809658,
                        0.671856245228798
                    ]
                ]
            }
        ],
        "joint_deformations": [
            {
                "node_id": "1",
                "deformed_position": [
                    0.3412096429475419,
                    0.1727133172054265,
                    0.31647554667638567
                ]
            },
            {
                "node_id": "9",
                "deformed_position": [
                    0.4400000005960465,
                    0.2692820310592652,
                    0.19999999999893972
                ]
            }
        ]
    },
    {
        "sequence_index": 1,
        "bar_deformations": [
            {
                "bar_id": "15",
                "deformed_position": [
                    0.3908399602132028,
                    0.22136600789139496,
                    0.2587413990658208
                ],
                "deformed_quaternion": [
                    -0.04630679405605104,
                    -0.4230881806468497,
                    0.6983741871119864,
                    0.5754351110219652
                ],
                "deformed_link_quaternion": [
                    [
                        0.0028503927397484767,
                        0.0018706764722692996,
                        -3.7072252157175935e-06,
                        0.9999941878916206
                    ],
                    [
                        0.004441226867566338,
                        0.0029146723863231975,
                        -5.774688053077167e-06,
                        0.9999858899781757
                    ],
                    [
                        0.006368138817676867,
                        0.004179156642956764,
                        -8.277705731095432e-06,
                        0.9999709902738338
                    ],
                    [
                        -0.001606029210993379,
                        -0.0010540271621125215,
                        2.0892125330531995e-06,
                        0.9999981548445728
                    ],
                    [
                        -0.0007143804774517053,
                        -0.00046884599008393954,
                        9.294078603541183e-07,
                        0.999999634921487
                    ],
                    [
                        -0.00017864201314408404,
                        -0.00011724248569989958,
                        2.3242209911466592e-07,
                        0.9999999771705881
                    ]
                ],
                "relative_displacement": [
                    -0.001301398341160498,
                    -0.0011336487858511768,
                    -0.001965395196111608
                ],
                "rotation_matrix": [
                    [
                        0.9994605931206532,
                        0.0003053429903191029,
                        -0.032839451343934886
                    ],
                    [
                        -0.0013252792772715037,
                        0.9995172339915255,
                        -0.03104098240661088
                    ],
                    [
                        0.032814119426698596,
                        0.03106776013150215,
                        0.9989784921842221
                    ]
                ],
                "local_coordinate_system": [
                    [
                        -0.32054200858240944,
                        -0.7853089792204045,
                        -0.5296627491996778
                    ],
                    [
                        0.8555310877710403,
                        2.775557561562892e-17,
                        -0.5177514440900194
                    ],
                    [
                        0.4065948580482235,
                        -0.619104035809658,
                        0.671856245228798
                    ]
                ]
            },
            {
                "bar_id": "9",
                "deformed_position": [
                    0.40546226529801976,
                    0.25972620733768026,
                    0.3149613932489852
                ],
                "deformed_quaternion": [
                    0.6947664132773045,
                    0.7016182317437357,
                    0.13726937189706598,
                    0.07866770242970347
                ],
                "deformed_link_quaternion": [
                    [
                        -0.0018002593124851849,
                        0.00047846611123598904,
                        4.1395168831642595e-06,
                        0.9999982650582213
                    ],
                    [
                        -0.0008024653556156234,
                        0.00021327205009065518,
                        1.8453710896789373e-06,
                        0.9999996552804308
                    ],
                    [
                        -0.00020080314224458847,
                        5.3367272225552226e-05,
                        4.6178992341016167e-07,
                        0.9999999784149093
                    ],
                    [
                        0.0031815263587230045,
                        -0.0008456057378699362,
                        -7.314329701727479e-06,
                        0.9999945813790521
                    ],
                    [
                        0.004921832683609296,
                        -0.0013082344105679524,
                        -1.1312614304936095e-05,
                        0.9999870318948073
                    ],
                    [
                        0.006981365134106244,
                        -0.001855826120485797,
                        -1.6042449635527135e-05,
                        0.9999739077560548
                    ]
                ],
                "relative_displacement": [
                    -0.0028790359345566285,
                    -0.0010729025980802387,
                    -0.0009174867749711102
                ],
                "rotation_matrix": [
                    [
                        0.9991981410660303,
                        -0.0009547860743763792,
                        -0.04002703178780052
                    ],
                    [
                        0.0004241302944089096,
                        0.9999119415696905,
                        -0.013263831264951039
                    ],
                    [
                        0.04003617119159599,
                        0.013236218866576095,
                        0.9991105581998587
                    ]
                ],
                "local_coordinate_system": [
                    [
                        -0.018564631572780953,
                        0.9646467228667339,
                        0.2628917163340024
                    ],
                    [
                        0.9975159045586911,
                        0.0,
                        0.07044160810526932
                    ],
                    [
                        0.06795126641221082,
                        0.26354639072176783,
                        -0.962250448339987
                    ]
                ]
            }
        ],
        "joint_deformations": [
            {
                "node_id": "1",
                "deformed_position": [
                    0.340818811807261,
                    0.1726089914626846,
                    0.3160559774340217
                ]
            },
            {
                "node_id": "6",
                "deformed_position": [
                    0.36872931989101826,
                    0.2495639298727497,
                    0.42919585820951894
                ]
            },
            {
                "node_id": "9",
                "deformed_position": [
                    0.4400000005960465,
                    0.2692820310592652,
                    0.19999999999752657
                ]
            }
        ]
    },
    {
        "sequence_index": 2,
        "bar_deformations": [
            {
                "bar_id": "15",
                "deformed_position": [
                    0.39087176085604913,
                    0.2211414420239344,
                    0.25858414576764377
                ],
                "deformed_quaternion": [
                    -0.04549583930157345,
                    -0.42423133800169893,
                    0.6982544279233064,
                    0.5748031439971686
                ],
                "deformed_link_quaternion": [
                    [
                        0.002854708405680368,
                        0.0018759767032425182,
                        3.139561608065797e-06,
                        0.9999941656537156
                    ],
                    [
                        0.0044479457517510165,
                        0.0029230150531193507,
                        4.8904509266917795e-06,
                        0.9999858357685234
                    ],
                    [
                        0.006377761387273311,
                        0.004191298207380841,
                        7.010182860420439e-06,
                        0.9999708781408992
                    ],
                    [
                        -0.0016084620998443725,
                        -0.0010569949996747465,
                        -1.7693027700659399e-06,
                        0.9999981478023415
                    ],
                    [
                        -0.0007154629861487826,
                        -0.0004701618876531023,
                        -7.870918682115126e-07,
                        0.9999996335298805
                    ],
                    [
                        -0.000178912743773547,
                        -0.00011757117533231911,
                        -1.9683259303747187e-07,
                        0.9999999770836048
                    ]
                ],
                "relative_displacement": [
                    -0.00126959769831414,
                    -0.0013582146533117345,
                    -0.002122648494288615
                ],
                "rotation_matrix": [
                    [
                        0.9994373362310528,
                        -0.0012543848494763284,
                        -0.03351771868768731
                    ],
                    [
                        0.0001254701360605523,
                        0.9994332654472439,
                        -0.03366202867778231
                    ],
                    [
                        0.03354094817715349,
                        0.03363888280113188,
                        0.9988710779471339
                    ]
                ],
                "local_coordinate_system": [
                    [
                        -0.32054200858240944,
                        -0.7853089792204045,
                        -0.5296627491996778
                    ],
                    [
                        0.8555310877710403,
                        2.775557561562892e-17,
                        -0.5177514440900194
                    ],
                    [
                        0.4065948580482235,
                        -0.619104035809658,
                        0.671856245228798
                    ]
                ]
            },
            {
                "bar_id": "9",
                "deformed_position": [
                    0.405523363568943,
                    0.25926888370812196,
                    0.31494077800407405
                ],
                "deformed_quaternion": [
                    0.6945384870114906,
                    0.7017767433215581,
                    0.13849612143432852,
                    0.07710069351455566
                ],
                "deformed_link_quaternion": [
                    [
                        -0.001797816512794715,
                        0.000500285970017222,
                        1.0645329173645092e-05,
                        0.9999982587266898
                    ],
                    [
                        -0.0008013776998130058,
                        0.00022299186968627698,
                        4.745632371967482e-06,
                        0.9999996540228838
                    ],
                    [
                        -0.00020053106502792843,
                        5.579888070014424e-05,
                        1.1875592161916206e-06,
                        0.999999978336183
                    ],
                    [
                        0.003177200057417872,
                        -0.0008842156264738601,
                        -1.8809723156638483e-05,
                        0.9999945615895696
                    ],
                    [
                        0.0049151167800588575,
                        -0.0013680851737884205,
                        -2.9091675912790117e-05,
                        0.9999869844771332
                    ],
                    [
                        0.006971791021804,
                        -0.0019409701301211066,
                        -4.125475737005898e-05,
                        0.999973812188573
                    ]
                ],
                "relative_displacement": [
                    -0.0028179376636334186,
                    -0.0015302262276385425,
                    -0.0009381020198822587
                ],
                "rotation_matrix": [
                    [
                        0.9992152387993026,
                        -0.0021110422600899913,
                        -0.03955312948211367
                    ],
                    [
                        0.0014344651250057466,
                        0.999852308505315,
                        -0.017126105406594688
                    ],
                    [
                        0.03958344175356506,
                        0.01705592791872561,
                        0.9990706914236718
                    ]
                ],
                "local_coordinate_system": [
                    [
                        -0.018564631572780953,
                        0.9646467228667339,
                        0.2628917163340024
                    ],
                    [
                        0.9975159045586911,
                        0.0,
                        0.07044160810526932
                    ],
                    [
                        0.06795126641221082,
                        0.26354639072176783,
                        -0.962250448339987
                    ]
                ]
            },
            {
                "bar_id": "14",
                "deformed_position": [
                    0.4462463347572881,
                    0.22228874307366356,
                    0.28882670361376067
                ],
                "deformed_quaternion": [
                    0.24755617019197718,
                    0.03118836358327813,
                    0.0066545010238656865,
                    0.9683485664743876
                ],
                "deformed_link_quaternion": [
                    [
                        -0.002944297006663043,
                        -0.00035528092290488194,
                        -1.9002331076241924e-05,
                        0.9999956022550869
                    ],
                    [
                        -0.00457592547209795,
                        -0.0005519820927436761,
                        -2.952659684799035e-05,
                        0.9999893776185941
                    ],
                    [
                        -0.006536293109678105,
                        -0.0007880711817679608,
                        -4.216661645416885e-05,
                        0.9999783267842225
                    ],
                    [
                        0.0016614526967789337,
                        0.00020052417210577458,
                        1.0724541037632965e-05,
                        0.9999985996240079
                    ],
                    [
                        0.0007395878479490421,
                        8.927183507352227e-05,
                        4.774384139749099e-06,
                        0.9999997225087415
                    ],
                    [
                        0.00018498948263315714,
                        2.2330024852526864e-05,
                        1.1942331752156845e-06,
                        0.9999999826394174
                    ]
                ],
                "relative_displacement": [
                    -0.000341053460161167,
                    -0.0022957268705751377,
                    -0.0011587027850125664
                ],
                "rotation_matrix": [
                    [
                        0.9999952452395465,
                        0.003056156528960798,
                        -0.00041158907859558134
                    ],
                    [
                        -0.00307001758244823,
                        0.9992164551493717,
                        -0.03945948239355279
                    ],
                    [
                        0.00029067222534600294,
                        0.03946055835887442,
                        0.999221086568765
                    ]
                ],
                "local_coordinate_system": [
                    [
                        0.9978576904248655,
                        0.0,
                        0.06542193561759922
                    ],
                    [
                        0.029103738352899686,
                        0.8955990898982906,
                        -0.44390904765192557
                    ],
                    [
                        -0.05859182599850643,
                        0.44486207994540683,
                        0.8936804393925197
                    ]
                ]
            }
        ],
        "joint_deformations": [
            {
                "node_id": "1",
                "deformed_position": [
                    0.34088382233394626,
                    0.1721598299976854,
                    0.31573596459403025
                ]
            },
            {
                "node_id": "6",
                "deformed_position": [
                    0.36885544319347147,
                    0.24862168873311422,
                    0.4291519631141818
                ]
            },
            {
                "node_id": "8",
                "deformed_position": [
                    0.45270514324347566,
                    0.17372131861997336,
                    0.3767931614877963
                ]
            },
            {
                "node_id": "9",
                "deformed_position": [
                    0.4400000005960465,
                    0.2692820310592652,
                    0.199999999996345
                ]
            }
        ]
    },
    {
        "sequence_index": 3,
        "bar_deformations": [
            {
                "bar_id": "15",
                "deformed_position": [
                    0.3909242556775415,
                    0.22234066166715125,
                    0.2595995571678524
                ],
                "deformed_quaternion": [
                    -0.05132064304072337,
                    -0.4117992405761865,
                    0.7004252226941976,
                    0.5806824299671431
                ],
                "deformed_link_quaternion": [
                    [
                        0.0014812351056106465,
                        -0.0008338392319837355,
                        2.1290605082812327e-05,
                        0.9999985550996597
                    ],
                    [
                        0.0026737820404099727,
                        -0.0007449163127935316,
                        2.0788869446114373e-05,
                        0.9999961477711353
                    ],
                    [
                        0.004206889243828562,
                        -0.00043291284200323697,
                        1.95104335420621e-05,
                        0.9999910571043645
                    ],
                    [
                        -0.0006347218307450613,
                        0.0006987797440203554,
                        -1.805987059047662e-05,
                        0.9999995542543546
                    ],
                    [
                        -0.0001365342294814803,
                        0.00033936315715773845,
                        -9.072604692618119e-06,
                        0.9999999330543676
                    ],
                    [
                        1.320273294824887e-05,
                        -0.00024491063809200023,
                        6.755427283967679e-06,
                        0.9999999698994153
                    ]
                ],
                "relative_displacement": [
                    -0.0012171028768217518,
                    -0.00015899501009489225,
                    -0.0011072370940800047
                ],
                "rotation_matrix": [
                    [
                        0.9996904963431563,
                        0.01076881016377293,
                        -0.02242641854666704
                    ],
                    [
                        -0.01095023245237152,
                        0.9999081807506076,
                        -0.007982635983755213
                    ],
                    [
                        0.02233839587823397,
                        0.00822573982488717,
                        0.9997166264866862
                    ]
                ],
                "local_coordinate_system": [
                    [
                        -0.32054200858240944,
                        -0.7853089792204045,
                        -0.5296627491996778
                    ],
                    [
                        0.8555310877710403,
                        2.775557561562892e-17,
                        -0.5177514440900194
                    ],
                    [
                        0.4065948580482235,
                        -0.619104035809658,
                        0.671856245228798
                    ]
                ]
            },
            {
                "bar_id": "9",
                "deformed_position": [
                    0.40560269952236416,
                    0.2596369719389682,
                    0.31499609063303524
                ],
                "deformed_quaternion": [
                    0.694771163168684,
                    0.7017265368040811,
                    0.13709620275683285,
                    0.07795851181135918
                ],
                "deformed_link_quaternion": [
                    [
                        -0.0017933599200391248,
                        0.0004819758081102282,
                        5.898807290854028e-06,
                        0.9999982757608744
                    ],
                    [
                        -0.0007993914278310983,
                        0.00021483447333374217,
                        2.629676973698464e-06,
                        0.9999996574062309
                    ],
                    [
                        -0.00020003406667151938,
                        5.3758039112907455e-05,
                        6.58059257355504e-07,
                        0.999999978548006
                    ],
                    [
                        0.00316932220433322,
                        -0.000851823812998999,
                        -1.0422736135341338e-05,
                        0.9999946148276616
                    ],
                    [
                        0.0049029247566052024,
                        -0.0013178927506336223,
                        -1.611982209906342e-05,
                        0.9999871120307903
                    ],
                    [
                        0.006954486983805146,
                        -0.0018696054254160295,
                        -2.285906636020075e-05,
                        0.9999740692457022
                    ]
                ],
                "relative_displacement": [
                    -0.0027386017102122295,
                    -0.0011621379967923229,
                    -0.0008827893909210682
                ],
                "rotation_matrix": [
                    [
                        0.9992473900495707,
                        -0.0012489919032079024,
                        -0.0387697497844204
                    ],
                    [
                        0.0007070540085095266,
                        0.999901900076151,
                        -0.01398893486766892
                    ],
                    [
                        0.038783418541303134,
                        0.013950994349097624,
                        0.9991502470614324
                    ]
                ],
                "local_coordinate_system": [
                    [
                        -0.018564631572780953,
                        0.9646467228667339,
                        0.2628917163340024
                    ],
                    [
                        0.9975159045586911,
                        0.0,
                        0.07044160810526932
                    ],
                    [
                        0.06795126641221082,
                        0.26354639072176783,
                        -0.962250448339987
                    ]
                ]
            },
            {
                "bar_id": "14",
                "deformed_position": [
                    0.44627798376121985,
                    0.2225410016763438,
                    0.28895753578262123
                ],
                "deformed_quaternion": [
                    0.2461526916041016,
                    0.03132945434854467,
                    0.006736280445122156,
                    0.9687011614693374
                ],
                "deformed_link_quaternion": [
                    [
                        -0.0029289590545755265,
                        -0.0003553260308815248,
                        -1.7037746014185763e-05,
                        0.9999956473165189
                    ],
                    [
                        -0.004552046545089291,
                        -0.000552072802203664,
                        -2.647438110554948e-05,
                        0.9999894866382244
                    ],
                    [
                        -0.00650209693684092,
                        -0.0007882441083346667,
                        -3.7808552234278916e-05,
                        0.9999785497585251
                    ],
                    [
                        0.0016528066110313897,
                        0.00020054505321340192,
                        9.615661282104091e-06,
                        0.9999986139588031
                    ],
                    [
                        0.000735741106448135,
                        8.928008120438073e-05,
                        4.2807039859069104e-06,
                        0.9999997253478458
                    ],
                    [
                        0.00018402746683166172,
                        2.2331990556419746e-05,
                        1.0707448524621291e-06,
                        0.9999999828170134
                    ]
                ],
                "relative_displacement": [
                    -0.0003094044562294007,
                    -0.0020434682678948934,
                    -0.0010278706161520046
                ],
                "rotation_matrix": [
                    [
                        0.9999961900076157,
                        0.0027525957814368684,
                        -0.00020781413939781256
                    ],
                    [
                        -0.0027583545828949244,
                        0.9993272063689412,
                        -0.036572203800737765
                    ],
                    [
                        0.00010700582946862155,
                        0.036572637686003606,
                        0.9993309915750841
                    ]
                ],
                "local_coordinate_system": [
                    [
                        0.9978576904248655,
                        0.0,
                        0.06542193561759922
                    ],
                    [
                        0.029103738352899686,
                        0.8955990898982906,
                        -0.44390904765192557
                    ],
                    [
                        -0.05859182599850643,
                        0.44486207994540683,
                        0.8936804393925197
                    ]
                ]
            },
            {
                "bar_id": "18",
                "deformed_position": [
                    0.3909412426890624,
                    0.15320304957235234,
                    0.25974288231265263
                ],
                "deformed_quaternion": [
                    -0.3340183961961073,
                    -0.1447200112702182,
                    0.6266325217163933,
                    0.6890714854555238
                ],
                "deformed_link_quaternion": [
                    [
                        0.00227648182251921,
                        6.691467994824964e-05,
                        -1.1300748657758322e-06,
                        0.9999974065724673
                    ],
                    [
                        0.0037144936332932613,
                        0.00010561947151910823,
                        -1.7519792501029556e-06,
                        0.999993095665418
                    ],
                    [
                        0.005385445973105923,
                        6.1007240001065646e-05,
                        -8.4821076709013e-07,
                        0.9999854965193585
                    ],
                    [
                        -0.0010801461982075848,
                        5.5483459219409824e-05,
                        -2.1117144566473445e-06,
                        0.9999994151004874
                    ],
                    [
                        -0.00013103211561851167,
                        0.0002618127925511172,
                        -8.550639804230225e-06,
                        0.9999999571057655
                    ],
                    [
                        0.0005679106909759877,
                        0.0005523649970561516,
                        -1.8242062268799393e-05,
                        0.9999996860187429
                    ]
                ],
                "relative_displacement": [
                    -0.001200115865300888,
                    -1.4576045628628131e-05,
                    -0.0009639119492797499
                ],
                "rotation_matrix": [
                    [
                        0.9995517422792314,
                        -0.006831606556551592,
                        -0.02914864762574128
                    ],
                    [
                        0.006975511003250131,
                        0.9999639669159591,
                        0.004838090113095835
                    ],
                    [
                        0.02911454538193389,
                        -0.005039248114092085,
                        0.9995633792940036
                    ]
                ],
                "local_coordinate_system": [
                    [
                        0.17301551316978883,
                        -0.7853089792204047,
                        -0.5944370777116791
                    ],
                    [
                        0.9601570064622181,
                        0.0,
                        0.2794611295717382
                    ],
                    [
                        -0.2194633343957629,
                        -0.6191040358096579,
                        0.7540199186361639
                    ]
                ]
            }
        ],
        "joint_deformations": [
            {
                "node_id": "1",
                "deformed_position": [
                    0.341087275868488,
                    0.17571548667626394,
                    0.3188171046931558
                ]
            },
            {
                "node_id": "2",
                "deformed_position": [
                    0.4400000005960639,
                    0.1307179689405363,
                    0.19999999999886534
                ]
            },
            {
                "node_id": "6",
                "deformed_position": [
                    0.3690180489285929,
                    0.24938080665413317,
                    0.42926974854817956
                ]
            },
            {
                "node_id": "8",
                "deformed_position": [
                    0.452768773515638,
                    0.17423171313404248,
                    0.3770636719808509
                ]
            },
            {
                "node_id": "9",
                "deformed_position": [
                    0.44000000059602906,
                    0.26928203105946374,
                    0.19999999999653492
                ]
            }
        ]
    },
    {
        "sequence_index": 4,
        "bar_deformations": [
            {
                "bar_id": "15",
                "deformed_position": [
                    0.3909538007975274,
                    0.22233885827460195,
                    0.25962261810350135
                ],
                "deformed_quaternion": [
                    -0.05111437392420443,
                    -0.4115613463423192,
                    0.7005680154095231,
                    0.5806970249281432
                ],
                "deformed_link_quaternion": [
                    [
                        0.001421496208122803,
                        -0.0008380342521322024,
                        2.0863377811792576e-05,
                        0.9999986383049939
                    ],
                    [
                        0.00258239458038377,
                        -0.000744093572441851,
                        2.028501396818617e-05,
                        0.9999963885692312
                    ],
                    [
                        0.004084091989682771,
                        -0.0004269667396323687,
                        1.8983758335180862e-05,
                        0.9999915687302768
                    ],
                    [
                        -0.0006066295082302268,
                        0.0007078827435339136,
                        -1.7827362533420653e-05,
                        0.9999995652923287
                    ],
                    [
                        -0.0001399278536846192,
                        0.0003532650669732541,
                        -9.183258679724913e-06,
                        0.9999999277698254
                    ],
                    [
                        -2.1438898496214845e-05,
                        -0.00022631415734462564,
                        6.157211817765468e-06,
                        0.999999974142182
                    ]
                ],
                "relative_displacement": [
                    -0.0011875577568358775,
                    -0.00016079840264418555,
                    -0.0010841761584310383
                ],
                "rotation_matrix": [
                    [
                        0.9997066861943321,
                        0.010482786867050703,
                        -0.021832378657556335
                    ],
                    [
                        -0.010654840954920738,
                        0.9999129744548351,
                        -0.007779323949382384
                    ],
                    [
                        0.0217489296879703,
                        0.008009662688533137,
                        0.999731378601794
                    ]
                ],
                "local_coordinate_system": [
                    [
                        -0.32054200858240944,
                        -0.7853089792204045,
                        -0.5296627491996778
                    ],
                    [
                        0.8555310877710403,
                        2.775557561562892e-17,
                        -0.5177514440900194
                    ],
                    [
                        0.4065948580482235,
                        -0.619104035809658,
                        0.671856245228798
