[
    {
        "sequence_index": 0,
        "bar_deformations": [
            {
                "bar_id": "15",
                "deformed_position": [
                    0.3904958007891959,
                    0.22089110498921904,
                    0.2580689862840177
                ],
                "deformed_quaternion": [
                    -0.045491849608588854,
                    -0.42023681428917775,
                    0.6995727030422444,
                    0.5761332699067468
                ],
                "relative_displacement": [
                    -0.0016455577651673936,
                    -0.0016085516880270934,
                    -0.0026378079779146857
                ],
                "rotation_matrix": [
                    [
                        0.9996162591440668,
                        -0.000375111111704973,
                        -0.027698262517270734
                    ],
                    [
                        -0.0003751111103495017,
                        0.9996333245641152,
                        -0.02707537095866277
                    ],
                    [
                        0.027698262517289088,
                        0.027075370958643992,
                        0.9992495837081821
                    ]
                ],
                "local_coordinate_system": [
                    [
                        -0.32054200858241,
                        -0.785308979220404,
                        -0.5296627491996783
                    ],
                    [
                        0.8555310877710403,
                        -2.7755575615628914e-17,
                        -0.5177514440900196
                    ],
                    [
                        0.4065948580482234,
                        -0.6191040358096587,
                        0.6718562452287974
                    ]
                ]
            }
        ],
        "joint_deformations": [
            {
                "node_id": "1",
                "deformed_position": [
                    0.3409916009823452,
                    0.17250017891917288,
                    0.31613797257026205
                ]
            },
            {
                "node_id": "9",
                "deformed_position": [
                    0.4400000005960465,
                    0.2692820310592652,
                    0.19999999999888668
                ]
            }
        ]
    },
    {
        "sequence_index": 1,
        "bar_deformations": [
            {
                "bar_id": "15",
                "deformed_position": [
                    0.38968547821913113,
                    0.22065501657598877,
                    0.257168321631304
                ],
                "deformed_quaternion": [
                    -0.04812207556119911,
                    -0.4258364561151492,
                    0.6968798458384113,
                    0.57507048172481
                ],
                "relative_displacement": [
                    -0.0024558803352321412,
                    -0.001844640101257372,
                    -0.0035384726306283976
                ],
                "rotation_matrix": [
                    [
                        0.9992335525217906,
                        0.002595946189483433,
                        -0.03905852759722554
                    ],
                    [
                        -0.003922619797531576,
                        0.9994165783282012,
                        -0.033928100693592235
                    ],
                    [
                        0.03894766448204483,
                        0.03405530833999051,
                        0.9986607609219771
                    ]
                ],
                "local_coordinate_system": [
                    [
                        -0.32054200858241,
                        -0.785308979220404,
                        -0.5296627491996783
                    ],
                    [
                        0.8555310877710403,
                        -2.7755575615628914e-17,
                        -0.5177514440900196
                    ],
                    [
                        0.4065948580482234,
                        -0.6191040358096587,
                        0.6718562452287974
                    ]
                ]
            },
            {
                "bar_id": "9",
                "deformed_position": [
                    0.40359909164138397,
                    0.25829668083966756,
                    0.31426479214239794
                ],
                "deformed_quaternion": [
                    0.6942134086322055,
                    0.7017772784732073,
                    0.1405228906069784,
                    0.07635255011754431
                ],
                "relative_displacement": [
                    -0.004742209591192426,
                    -0.0025024290960929396,
                    -0.0016140878815583681
                ],
                "rotation_matrix": [
                    [
                        0.9991382737590412,
                        -0.0031228262973607432,
                        -0.04138789515932873
                    ],
                    [
                        0.002255116620740724,
                        0.999777028319648,
                        -0.020995430297104694
                    ],
                    [
                        0.041444231912655026,
                        0.020884003453606182,
                        0.998922536556724
                    ]
                ],
                "local_coordinate_system": [
                    [
                        -0.018564631572781144,
                        0.9646467228667337,
                        0.2628917163340036
                    ],
                    [
                        0.9975159045586911,
                        0.0,
                        0.07044160810526973
                    ],
                    [
                        0.06795126641221118,
                        0.263546390721769,
                        -0.9622504483399867
                    ]
                ]
            }
        ],
        "joint_deformations": [
            {
                "node_id": "1",
                "deformed_position": [
                    0.3393709558422158,
                    0.17202800209271235,
                    0.3143366432663184
                ]
            },
            {
                "node_id": "6",
                "deformed_position": [
                    0.36719818268672144,
                    0.24731133062006994,
                    0.4285295842888768
                ]
            },
            {
                "node_id": "9",
                "deformed_position": [
                    0.4400000005960465,
                    0.2692820310592652,
                    0.1999999999974029
                ]
            }
        ]
    },
    {
        "sequence_index": 2,
        "bar_deformations": [
            {
                "bar_id": "15",
                "deformed_position": [
                    0.38978746060501135,
                    0.21970108362027502,
                    0.2564339009875972
                ],
                "deformed_quaternion": [
                    -0.04483835966503718,
                    -0.4309361268460509,
                    0.6962157418444805,
                    0.5723348817688929
                ],
                "relative_displacement": [
                    -0.002353897949351924,
                    -0.002798573056971121,
                    -0.0042728932743351655
                ],
                "rotation_matrix": [
                    [
                        0.9990896170473281,
                        -0.003881486054569941,
                        -0.04248377542346518
                    ],
                    [
                        0.0019524031901463315,
                        0.9989690171986678,
                        -0.04535516286941206
                    ],
                    [
                        0.0426160208138483,
                        0.04523092684365386,
                        0.9980671510609183
                    ]
                ],
                "local_coordinate_system": [
                    [
                        -0.32054200858241,
                        -0.785308979220404,
                        -0.5296627491996783
                    ],
                    [
                        0.8555310877710403,
                        -2.7755575615628914e-17,
                        -0.5177514440900196
                    ],
                    [
                        0.4065948580482234,
                        -0.6191040358096587,
                        0.6718562452287974
                    ]
                ]
            },
            {
                "bar_id": "9",
                "deformed_position": [
                    0.40377706429214844,
                    0.25634946821330107,
                    0.31411745931522606
                ],
                "deformed_quaternion": [
                    0.6932131183198839,
                    0.7023300199273453,
                    0.14578666188501932,
                    0.07024503480318312
                ],
                "relative_displacement": [
                    -0.004564236940427957,
                    -0.00444964172245943,
                    -0.0017614207087302547
                ],
                "rotation_matrix": [
                    [
                        0.9991618854982495,
                        -0.007781939412600896,
                        -0.04018666428756955
                    ],
                    [
                        0.006305878704111072,
                        0.9993054358288399,
                        -0.03672712644220195
                    ],
                    [
                        0.04044456034316911,
                        0.03644293267440286,
                        0.9985169754174121
                    ]
                ],
                "local_coordinate_system": [
                    [
                        -0.018564631572781144,
                        0.9646467228667337,
                        0.2628917163340036
                    ],
                    [
                        0.9975159045586911,
                        0.0,
                        0.07044160810526973
                    ],
                    [
                        0.06795126641221118,
                        0.263546390721769,
                        -0.9622504483399867
                    ]
                ]
            },
            {
                "bar_id": "14",
                "deformed_position": [
                    0.4443939966615599,
                    0.22020765488271965,
                    0.28781250911839107
                ],
                "deformed_quaternion": [
                    0.2519711317908827,
                    0.02145375145799391,
                    0.00421877938945288,
                    0.9674877194015763
                ],
                "relative_displacement": [
                    -0.002193391555889379,
                    -0.004376815061519046,
                    -0.002172897280382169
                ],
                "rotation_matrix": [
                    [
                        0.9997585309925705,
                        0.012076126368593374,
                        -0.018358836551026058
                    ],
                    [
                        -0.012951105478902911,
                        0.9987482853877321,
                        -0.048312848207694374
                    ],
                    [
                        0.017752424466868113,
                        0.04853894938083384,
                        0.9986635178169637
                    ]
                ],
                "local_coordinate_system": [
                    [
                        0.9978576904248655,
                        -3.469446951953614e-18,
                        0.06542193561759924
                    ],
                    [
                        0.02910373835289968,
                        0.8955990898982907,
                        -0.44390904765192535
                    ],
                    [
                        -0.058591825998506444,
                        0.4448620799454066,
                        0.8936804393925198
                    ]
                ]
            }
        ],
        "joint_deformations": [
            {
                "node_id": "1",
                "deformed_position": [
                    0.3395749206139762,
                    0.17012013618128488,
                    0.31286780198014547
                ]
            },
            {
                "node_id": "6",
                "deformed_position": [
                    0.3675541279882504,
                    0.2434169053673369,
                    0.4282349186357736
                ]
            },
            {
                "node_id": "8",
                "deformed_position": [
                    0.4487879927270732,
                    0.1711332787061741,
                    0.3756250182418605
                ]
            },
            {
                "node_id": "9",
                "deformed_position": [
                    0.4400000005960465,
                    0.2692820310592652,
                    0.19999999999616225
                ]
            }
        ]
    },
    {
        "sequence_index": 3,
        "bar_deformations": [
            {
                "bar_id": "15",
                "deformed_position": [
                    0.3900313451558339,
                    0.22249965348934334,
                    0.25898217954541625
                ],
                "deformed_quaternion": [
                    -0.05225643889843761,
                    -0.4133817791839975,
                    0.6996149214189683,
                    0.5804513166151467
                ],
                "relative_displacement": [
                    -0.002110013398529398,
                    -3.187902802848086e-09,
                    -0.0017246147165161374
                ],
                "rotation_matrix": [
                    [
                        0.9995940305127586,
                        0.011963015446205838,
                        -0.025858469109596573
                    ],
                    [
                        -0.012218021422386588,
                        0.9998780530411915,
                        -0.009726201677859833
                    ],
                    [
                        0.025738961047024066,
                        0.01003819246628304,
                        0.9996182974396925
                    ]
                ],
                "local_coordinate_system": [
                    [
                        -0.32054200858241,
                        -0.785308979220404,
                        -0.5296627491996783
                    ],
                    [
                        0.8555310877710403,
                        -2.7755575615628914e-17,
                        -0.5177514440900196
                    ],
                    [
                        0.4065948580482234,
                        -0.6191040358096587,
                        0.6718562452287974
                    ]
                ]
            },
            {
                "bar_id": "9",
                "deformed_position": [
                    0.4043804136397191,
                    0.25907646137600615,
                    0.314582887834283
                ],
                "deformed_quaternion": [
                    0.6949075317609358,
                    0.7020312317614101,
                    0.13581232217108638,
                    0.07622784976620012
                ],
                "relative_displacement": [
                    -0.003960887592857287,
                    -0.0017226485597543473,
                    -0.0012959921896733007
                ],
                "rotation_matrix": [
                    [
                        0.9994043647145557,
                        -0.0016941622880708284,
                        -0.03446803742073181
                    ],
                    [
                        0.0011932605508731447,
                        0.9998934640414864,
                        -0.01454773853128274
                    ],
                    [
                        0.03448901156532352,
                        0.014497944035569912,
                        0.9992999137896433
                    ]
                ],
                "local_coordinate_system": [
                    [
                        -0.018564631572781144,
                        0.9646467228667337,
                        0.2628917163340036
                    ],
                    [
                        0.9975159045586911,
                        0.0,
                        0.07044160810526973
                    ],
                    [
                        0.06795126641221118,
                        0.263546390721769,
                        -0.9622504483399867
                    ]
                ]
            },
            {
                "bar_id": "14",
                "deformed_position": [
                    0.44470808699628467,
                    0.2221561868818665,
                    0.28885734117952633
                ],
                "deformed_quaternion": [
                    0.24132588640502753,
                    0.02287382764154172,
                    0.004921186576352318,
                    0.9701620413531615
                ],
                "relative_displacement": [
                    -0.0018793012211645865,
                    -0.002428283062372194,
                    -0.0011280652192469098
                ],
                "rotation_matrix": [
                    [
                        0.9998241653973777,
                        0.009651331054214712,
                        -0.016077627198041403
                    ],
                    [
                        -0.010074438080980377,
                        0.9995994567121673,
                        -0.02644677368021497
                    ],
                    [
                        0.015815940844279303,
                        0.026604096481970024,
                        0.9995209242760196
                    ]
                ],
                "local_coordinate_system": [
                    [
                        0.9978576904248655,
                        -3.469446951953614e-18,
                        0.06542193561759924
                    ],
                    [
                        0.02910373835289968,
                        0.8955990898982907,
                        -0.44390904765192535
                    ],
                    [
                        -0.058591825998506444,
                        0.4448620799454066,
                        0.8936804393925198
                    ]
                ]
            },
            {
                "bar_id": "18",
                "deformed_position": [
                    0.39003134515592197,
                    0.15321762242985795,
                    0.2589821795464928
                ],
                "deformed_quaternion": [
                    -0.3354021000085363,
                    -0.1456224651824622,
                    0.6262872235646834,
                    0.6885229426414828
                ],
                "relative_displacement": [
                    -0.0021100133984413016,
                    -3.1881230155850204e-09,
                    -0.0017246147154396096
                ],
                "rotation_matrix": [
                    [
                        0.9994450708510411,
                        -0.007226799390455806,
                        -0.03251651460608485
                    ],
                    [
                        0.0074213767445139075,
                        0.9999552482877314,
                        0.005867247143038133
                    ],
                    [
                        0.03247265801830226,
                        -0.006105308541884559,
                        0.9994539767737356
                    ]
                ],
                "local_coordinate_system": [
                    [
                        0.1730155131697889,
                        -0.7853089792204041,
                        -0.5944370777116799
                    ],
                    [
                        0.9601570064622182,
                        0.0,
                        0.2794611295717379
                    ],
                    [
                        -0.21946333439576257,
                        -0.6191040358096587,
                        0.7540199186361636
                    ]
                ]
            }
        ],
        "joint_deformations": [
            {
                "node_id": "1",
                "deformed_position": [
                    0.34006268971570935,
                    0.17571727591920125,
                    0.31796435909537657
                ]
            },
            {
                "node_id": "2",
                "deformed_position": [
                    0.44000000059613453,
                    0.13071796894051463,
                    0.19999999999860096
                ]
            },
            {
                "node_id": "6",
                "deformed_position": [
                    0.36876082668347976,
                    0.24887089169252688,
                    0.4291657756734805
                ]
            },
            {
                "node_id": "8",
                "deformed_position": [
                    0.4494161733966109,
                    0.17503034270424764,
                    0.377714682363724
                ]
            },
            {
                "node_id": "9",
                "deformed_position": [
                    0.44000000059595845,
                    0.2692820310594854,
                    0.19999999999656928
                ]
            }
        ]
    },
    {
        "sequence_index": 4,
        "bar_deformations": [
            {
                "bar_id": "15",
                "deformed_position": [
                    0.390317082992583,
                    0.2224996531605955,
                    0.2592230675184597
                ],
                "deformed_quaternion": [
                    -0.05108078562898315,
                    -0.4119138295589159,
                    0.7004665099511352,
                    0.5805724922819804
                ],
                "relative_displacement": [
                    -0.0018242755617802753,
                    -3.5166506373585094e-09,
                    -0.0014837267434726908
                ],
                "rotation_matrix": [
                    [
                        0.9996975150509926,
                        0.010358566269162076,
                        -0.02230646780011896
                    ],
                    [
                        -0.01054786767117028,
                        0.9999092086618252,
                        -0.008385518521480437
                    ],
                    [
                        0.022217580616751394,
                        0.008618267698904943,
                        0.9997160119621012
                    ]
                ],
                "local_coordinate_system": [
                    [
                        -0.32054200858241,
                        -0.785308979220404,
                        -0.5296627491996783
                    ],
                    [
                        0.8555310877710403,
                        -2.7755575615628914e-17,
                        -0.5177514440900196
                    ],
                    [
                        0.4065948580482234,
                        -0.6191040358096587,
                        0.6718562452287974
                    ]
                ]
            },
            {
                "bar_id": "9",
                "deformed_position": [
                    0.4046437145672782,
                    0.25910403996953585,
                    0.31466685810071016
                ],
                "deformed_quaternion": [
                    0.6950148900187726,
                    0.7021732496174368,
                    0.13492546071840483,
                    0.07551258321504
                ],
                "relative_displacement": [
                    -0.0036975866652981804,
                    -0.0016950699662246493,
                    -0.0012120219232461538
                ],
                "rotation_matrix": [
                    [
                        0.9994805162116721,
                        -0.0017670107103348212,
                        -0.03218035715151386
                    ],
                    [
                        0.0013080338041079982,
                        0.999897206986742,
                        -0.014278112889298766
                    ],
                    [
                        0.03220227881403329,
                        0.01422860264614241,
                        0.9993800879074595
                    ]
                ],
                "local_coordinate_system": [
                    [
                        -0.018564631572781144,
                        0.9646467228667337,
                        0.2628917163340036
                    ],
                    [
                        0.9975159045586911,
                        0.0,
                        0.07044160810526973
                    ],
                    [
                        0.06795126641221118,
                        0.263546390721769,
                        -0.9622504483399867
                    ]
                ]
            },
            {
                "bar_id": "14",
                "deformed_position": [
                    0.44492641307467073,
                    0.2221909941841647,
                    0.28886395813015764
                ],
                "deformed_quaternion": [
                    0.2411554451848266,
                    0.023928830460422455,
                    0.005174477527911686,
                    0.9701776575003249
                ],
                "relative_displacement": [
                    -0.0016609751427785202,
                    -0.0023934757600740098,
                    -0.001121448268615599
                ],
                "rotation_matrix": [
                    [
                        0.9998623729782776,
                        0.008694219127714588,
                        -0.014129602117790992
                    ],
                    [
                        -0.009061279098605428,
                        0.9996176127345373,
                        -0.026125113052425836
                    ],
                    [
                        0.013897061680260987,
                        0.02624954979926582,
                        0.999558819085696
                    ]
                ],
                "local_coordinate_system": [
                    [
                        0.9978576904248655,
                        -3.469446951953614e-18,
                        0.06542193561759924
                    ],
                    [
                        0.02910373835289968,
                        0.8955990898982907,
                        -0.44390904765192535
                    ],
                    [
                        -0.058591825998506444,
                        0.4448620799454066,
                        0.8936804393925198
                    ]
                ]
            },
            {
                "bar_id": "18",
                "deformed_position": [
                    0.39031708299265666,
                    0.15321762210112963,
                    0.2592230675194015
                ],
                "deformed_quaternion": [
                    -0.33378984799158024,
                    -0.14418325546057859,
                    0.6266305395964639,
                    0.6892965204232442
                ],
                "relative_displacement": [
                    -0.001824275561706612,
                    -3.516851337925786e-09,
                    -0.0014837267425308887
                ],
                "rotation_matrix": [
                    [
                        0.9995867430326482,
                        -0.006260046162755936,
                        -0.028056282280847503
                    ],
                    [
                        0.006404486439588045,
                        0.9999666821826892,
                        0.0050613316419326065
                    ],
                    [
                        0.02802366333703654,
                        -0.005238926090780442,
                        0.9995935313649181
                    ]
                ],
                "local_coordinate_system": [
                    [
                        0.1730155131697889,
                        -0.7853089792204041,
                        -0.5944370777116799
                    ],
                    [
                        0.9601570064622182,
                        0.0,
                        0.2794611295717379
                    ],
                    [
                        -0.21946333439576257,
                        -0.6191040358096587,
                        0.7540199186361636
                    ]
                ]
            },
            {
                "bar_id": "1",
                "deformed_position": [
                    0.3799999997020125,
                    0.16535898447026504,
                    0.19999999999842322
                ],
                "deformed_quaternion": [
                    0.6830127031938243,
                    -0.1830126970345633,
                    0.6830127031938242,
                    0.18301269703456327
                ],
                "relative_displacement": [
                    3.5638159090467525e-14,
                    -1.0241807402167069e-13,
                    -1.5767942507238786e-12
                ],
                "rotation_matrix": [
                    [
                        1.0,
                        0.0,
                        0.0
                    ],
                    [
                        0.0,
                        1.0,
                        0.0
                    ],
                    [
                        0.0,
                        0.0,
                        1.0
                    ]
                ],
                "local_coordinate_system": [
                    [
                        0.0,
                        -0.4999999876814779,
                        0.8660254108965405
                    ],
                    [
                        0.0,
                        -0.8660254108965406,
                        -0.49999998768147785
                    ],
                    [
                        1.0,
                        0.0,
                        0.0
                    ]
                ]
            }
        ],
        "joint_deformations": [
            {
                "node_id": "0",
                "deformed_position": [
                    0.3199999988079024,
                    0.19999999999999185,
                    0.19999999999932125
                ]
            },
            {
                "node_id": "1",
                "deformed_position": [
                    0.3406341653891908,
                    0.175717275261721,
                    0.31844613504141617
                ]
            },
            {
                "node_id": "2",
                "deformed_position": [
                    0.4400000005961225,
                    0.13071796894053825,
                    0.1999999999983789
                ]
            },
            {
                "node_id": "6",
                "deformed_position": [
                    0.36928742853858115,
                    0.24892604887960174,
                    0.42933371620628763
                ]
            },
            {
                "node_id": "8",
                "deformed_position": [
                    0.4498528255533663,
                    0.1750999573088594,
                    0.37772791626493946
                ]
            },
            {
                "node_id": "9",
                "deformed_position": [
                    0.4400000005959752,
                    0.26928203105946996,
                    0.1999999999966165
                ]
            }
        ]
    },
    {
        "sequence_index": 5,
        "bar_deformations": [
            {
                "bar_id": "15",
                "deformed_position": [
                    0.3901173909769757,
                    0.2224996517229511,
                    0.2590549679907969
                ],
                "deformed_quaternion": [
                    -0.05190231116575038,
                    -0.4129389784767902,
                    0.6998720182651758,
                    0.5804883359720747
                ],
                "relative_displacement": [
                    -0.0020239675773875976,
                    -4.954295029779843e-09,
                    -0.0016518262711354703
                ],
                "rotation_matrix": [
                    [
                        0.9996268297669887,
                        0.011480387563138444,
                        -0.024787131972050166
                    ],
                    [
                        -0.0117145302344937,
                        0.9998879317399711,
                        -0.00932168129403702
                    ],
                    [
                        0.024677337607303354,
                        0.009608572326969435,
                        0.9996492906747108
                    ]
                ],
                "local_coordinate_system": [
                    [
                        -0.32054200858241,
                        -0.785308979220404,
                        -0.5296627491996783
                    ],
                    [
                        0.8555310877710403,
                        -2.7755575615628914e-17,
                        -0.5177514440900196
                    ],
                    [
                        0.4065948580482234,
                        -0.6191040358096587,
                        0.6718562452287974
                    ]
                ]
            },
            {
                "bar_id": "9",
                "deformed_position": [
                    0.40456668699496007,
                    0.25697099125285183,
                    0.31443366884879875
                ],
                "deformed_quaternion": [
                    0.6938420329857818,
                    0.7026435957909029,
                    0.14151240888450012,
                    0.06963798308318367
                ],
                "relative_displacement": [
                    -0.003774614237616325,
                    -0.0038281186829086655,
                    -0.001445211175157557
                ],
                "rotation_matrix": [
                    [
                        0.9994258147870447,
                        -0.006672888492031915,
                        -0.033219170616148735
                    ],
                    [
                        0.005625084163005204,
                        0.999486778625617,
                        -0.031536293072364725
                    ],
                    [
                        0.03341255999487318,
                        0.03133132476867009,
                        0.9989504236561638
                    ]
                ],
                "local_coordinate_system": [
                    [
                        -0.018564631572781144,
                        0.9646467228667337,
                        0.2628917163340036
                    ],
                    [
                        0.9975159045586911,
                        0.0,
                        0.07044160810526973
                    ],
                    [
                        0.06795126641221118,
                        0.263546390721769,
                        -0.9622504483399867
                    ]
                ]
            },
            {
                "bar_id": "14",
                "deformed_position": [
                    0.4435407024305832,
                    0.2215186751831432,
                    0.2885706681449566
                ],
                "deformed_quaternion": [
                    0.24471848457881137,
                    0.01725636983701302,
                    0.003486186505350436,
                    0.9694343337788013
                ],
                "relative_displacement": [
                    -0.0030466857868660657,
                    -0.0030657947610955028,
                    -0.0014147382538166609
                ],
                "rotation_matrix": [
                    [
                        0.9995396504945157,
                        0.014986594168850146,
                        -0.026379709712576086
                    ],
                    [
                        -0.01586074348880002,
                        0.9993213413904884,
                        -0.03324595400191354
                    ],
                    [
                        0.025863563275080294,
                        0.033649051052489574,
                        0.9990990028310422
                    ]
                ],
                "local_coordinate_system": [
                    [
                        0.9978576904248655,
                        -3.469446951953614e-18,
                        0.06542193561759924
                    ],
                    [
                        0.02910373835289968,
                        0.8955990898982907,
                        -0.44390904765192535
                    ],
                    [
                        -0.058591825998506444,
                        0.4448620799454066,
                        0.8936804393925198
                    ]
                ]
            },
            {
                "bar_id": "18",
                "deformed_position": [
                    0.39011739097707876,
                    0.15321762066344785,
                    0.25905496799196426
                ],
                "deformed_quaternion": [
                    -0.3349158807574853,
                    -0.1451887709883128,
                    0.6263912203516937,
                    0.6887565699589785
                ],
                "relative_displacement": [
                    -0.0020239675772845134,
                    -4.9545331171074736e-09,
                    -0.0016518262699681263
                ],
                "rotation_matrix": [
                    [
                        0.9994899853990762,
                        -0.006936099475095818,
                        -0.03117145506751479
                    ],
                    [
                        0.007114755819926466,
                        0.9999588737416912,
                        0.005624151035600764
                    ],
                    [
                        0.03113116343115593,
                        -0.005843059927811984,
                        0.9994982287698676
                    ]
                ],
                "local_coordinate_system": [
                    [
                        0.1730155131697889,
                        -0.7853089792204041,
                        -0.5944370777116799
                    ],
                    [
                        0.9601570064622182,
                        0.0,
                        0.2794611295717379
                    ],
                    [
