[
    {
        "sequence_index": 0,
        "bar_deformations": [
            {
                "bar_id": "15",
                "deformed_position": [
                    0.3795241866101017,
                    0.2101662252833802,
                    0.2318174838728494
                ],
                "deformed_quaternion": [
                    -0.06125450478708889,
                    -0.5658463816401821,
                    0.6346993925917329,
                    0.5227068385545451
                ],
                "relative_displacement": [
                    -0.012617171944261596,
                    -0.012333431393865946,
                    -0.02888931038908299
                ],
                "rotation_matrix": [
                    [
                        0.9641135765187638,
                        -0.035079395102745686,
                        -0.26316239779159756
                    ],
                    [
                        -0.03507939101523702,
                        0.9657094884913611,
                        -0.2572442811099084
                    ],
                    [
                        0.26316239833646005,
                        0.2572442805525109,
                        0.929823065010125
                    ]
                ],
                "local_coordinate_system": [
                    [
                        -0.32054200858241,
                        -0.785308979220404,
                        -0.5296627491996783
                    ],
                    [
                        0.8555310877710403,
                        -2.7755575615628914e-17,
                        -0.5177514440900196
                    ],
                    [
                        0.4065948580482234,
                        -0.6191040358096587,
                        0.6718562452287974
                    ]
                ]
            }
        ],
        "joint_deformations": [
            {
                "node_id": "1",
                "deformed_position": [
                    0.31904837262415686,
                    0.15105041950749518,
                    0.26363496774792544
                ]
            },
            {
                "node_id": "9",
                "deformed_position": [
                    0.4400000005960465,
                    0.2692820310592652,
                    0.19999999999888668
                ]
            }
        ]
    },
    {
        "sequence_index": 1,
        "bar_deformations": [
            {
                "bar_id": "15",
                "deformed_position": [
                    0.3727356488174622,
                    0.2090178019824495,
                    0.20284336015888038
                ],
                "deformed_quaternion": [
                    0.09589635832287846,
                    0.6892530910594362,
                    -0.5483466466631848,
                    -0.46373485961124733
                ],
                "relative_displacement": [
                    -0.01940570973690109,
                    -0.013481854694796624,
                    -0.057863434103052
                ],
                "rotation_matrix": [
                    [
                        0.8666539041284376,
                        -0.08640216990953001,
                        -0.49137121964341973
                    ],
                    [
                        -0.15073595234225481,
                        0.8935160952071212,
                        -0.42297477498935154
                    ],
                    [
                        0.4755940318490242,
                        0.44064004883889507,
                        0.7613452989470979
                    ]
                ],
                "local_coordinate_system": [
                    [
                        -0.32054200858241,
                        -0.785308979220404,
                        -0.5296627491996783
                    ],
                    [
                        0.8555310877710403,
                        -2.7755575615628914e-17,
                        -0.5177514440900196
                    ],
                    [
                        0.4065948580482234,
                        -0.6191040358096587,
                        0.6718562452287974
                    ]
                ]
            },
            {
                "bar_id": "9",
                "deformed_position": [
                    0.34225499798147896,
                    0.22478116115227376,
                    0.2544769170687431
                ],
                "deformed_quaternion": [
                    0.5918321174493514,
                    0.6131240349407812,
                    0.4867485345425617,
                    0.1920664641576497
                ],
                "relative_displacement": [
                    -0.06608630325109743,
                    -0.03601794878348674,
                    -0.06140196295521322
                ],
                "rotation_matrix": [
                    [
                        0.7372806751028407,
                        -0.1679546030796834,
                        -0.6543763881927934
                    ],
                    [
                        -0.08801106303139457,
                        0.936472320751079,
                        -0.3395197273372668
                    ],
                    [
                        0.6698292759382672,
                        0.30791369532944474,
                        0.6756610817004206
                    ]
                ],
                "local_coordinate_system": [
                    [
                        -0.018564631572781144,
                        0.9646467228667337,
                        0.2628917163340036
                    ],
                    [
                        0.9975159045586911,
                        0.0,
                        0.07044160810526973
                    ],
                    [
                        0.06795126641221118,
                        0.263546390721769,
                        -0.9622504483399867
                    ]
                ]
            }
        ],
        "joint_deformations": [
            {
                "node_id": "1",
                "deformed_position": [
                    0.3054712970388779,
                    0.14875357290563387,
                    0.20568672032147117
                ]
            },
            {
                "node_id": "6",
                "deformed_position": [
                    0.24450999536691145,
                    0.18028029124528233,
                    0.30895383414156713
                ]
            },
            {
                "node_id": "9",
                "deformed_position": [
                    0.4400000005960465,
                    0.2692820310592652,
                    0.1999999999974029
                ]
            }
        ]
    },
    {
        "sequence_index": 2,
        "bar_deformations": [
            {
                "bar_id": "15",
                "deformed_position": [
                    0.37843450755723934,
                    0.20599336249068556,
                    0.18080131115653775
                ],
                "deformed_quaternion": [
                    0.07121323234871002,
                    0.7753495066495174,
                    -0.4879272219542279,
                    -0.3945742568298497
                ],
                "relative_displacement": [
                    -0.013706850997123932,
                    -0.016506294186560577,
                    -0.07990548310539464
                ],
                "rotation_matrix": [
                    [
                        0.7940310664434493,
                        -0.22768549601575758,
                        -0.5636257449999397
                    ],
                    [
                        -0.19125156138668617,
                        0.7865451345350803,
                        -0.5871708368152723
                    ],
                    [
                        0.5770073706546851,
                        0.5740261895098958,
                        0.5809960653626804
                    ]
                ],
                "local_coordinate_system": [
                    [
                        -0.32054200858241,
                        -0.785308979220404,
                        -0.5296627491996783
                    ],
                    [
                        0.8555310877710403,
                        -2.7755575615628914e-17,
                        -0.5177514440900196
                    ],
                    [
                        0.4065948580482234,
                        -0.6191040358096587,
                        0.6718562452287974
                    ]
                ]
            },
            {
                "bar_id": "9",
                "deformed_position": [
                    0.3486404567624038,
                    0.19597173541035232,
                    0.22794963392580064
                ],
                "deformed_quaternion": [
                    0.5295950348933356,
                    0.5792883936962997,
                    0.612311184348127,
                    0.0950214158349646
                ],
                "relative_displacement": [
                    -0.0597008444701726,
                    -0.06482737452540818,
                    -0.08792924609815567
                ],
                "rotation_matrix": [
                    [
                        0.6868899301820712,
                        -0.36651418434334204,
                        -0.6275743593309112
                    ],
                    [
                        -0.15331641275355057,
                        0.7710109201779654,
                        -0.6180908012150882
                    ],
                    [
                        0.7104057301252938,
                        0.5207777968015356,
                        0.4734069971638425
                    ]
                ],
                "local_coordinate_system": [
                    [
                        -0.018564631572781144,
                        0.9646467228667337,
                        0.2628917163340036
                    ],
                    [
                        0.9975159045586911,
                        0.0,
                        0.07044160810526973
                    ],
                    [
                        0.06795126641221118,
                        0.263546390721769,
                        -0.9622504483399867
                    ]
                ]
            },
            {
                "bar_id": "14",
                "deformed_position": [
                    0.41484091107359866,
                    0.17413698984659456,
                    0.22128568060002857
                ],
                "deformed_quaternion": [
                    0.6151367523653426,
                    -0.1261290802666603,
                    -0.04377203572875473,
                    0.7770342591473469
                ],
                "relative_displacement": [
                    -0.03174647714385059,
                    -0.05044748009764413,
                    -0.06869972579874467
                ],
                "rotation_matrix": [
                    [
                        0.9459383503444915,
                        0.06093332854226505,
                        -0.31857144696331896
                    ],
                    [
                        -0.28453852821933623,
                        0.6273538032364763,
                        -0.7248896685175633
                    ],
                    [
                        0.15568706852631123,
                        0.7763467878709162,
                        0.6107759013387764
                    ]
                ],
                "local_coordinate_system": [
                    [
                        0.9978576904248655,
                        -3.469446951953614e-18,
                        0.06542193561759924
                    ],
                    [
                        0.02910373835289968,
                        0.8955990898982907,
                        -0.44390904765192535
                    ],
                    [
                        -0.058591825998506444,
                        0.4448620799454066,
                        0.8936804393925198
                    ]
                ]
            }
        ],
        "joint_deformations": [
            {
                "node_id": "1",
                "deformed_position": [
                    0.3168690145184322,
                    0.14270469392210594,
                    0.1616026223180266
                ]
            },
            {
                "node_id": "6",
                "deformed_position": [
                    0.2572809129287611,
                    0.12266143976143945,
                    0.25589926785692285
                ]
            },
            {
                "node_id": "8",
                "deformed_position": [
                    0.3896818215511508,
                    0.07899194863392395,
                    0.2425713612051355
                ]
            },
            {
                "node_id": "9",
                "deformed_position": [
                    0.4400000005960465,
                    0.2692820310592652,
                    0.19999999999616225
                ]
            }
        ]
    },
    {
        "sequence_index": 3,
        "bar_deformations": [
            {
                "bar_id": "15",
                "deformed_position": [
                    0.3679139925996258,
                    0.22249965384753823,
                    0.227917228653839
                ],
                "deformed_quaternion": [
                    -0.1499885284334006,
                    -0.5683486624339548,
                    0.5989913552012767,
                    0.5437762367390244
                ],
                "relative_displacement": [
                    -0.024227365954737456,
                    -2.829707912432866e-09,
                    -0.032789565608093374
                ],
                "rotation_matrix": [
                    [
                        0.9168059131079362,
                        0.10196863930480893,
                        -0.3860949550157955
                    ],
                    [
                        -0.17568062130837292,
                        0.971249895336901,
                        -0.16065478550221643
                    ],
                    [
                        0.3586129347737299,
                        0.21511865889872242,
                        0.9083615610573732
                    ]
                ],
                "local_coordinate_system": [
                    [
                        -0.32054200858241,
                        -0.785308979220404,
                        -0.5296627491996783
                    ],
                    [
                        0.8555310877710403,
                        -2.7755575615628914e-17,
                        -0.5177514440900196
                    ],
                    [
                        0.4065948580482234,
                        -0.6191040358096587,
                        0.6718562452287974
                    ]
                ]
            },
            {
                "bar_id": "9",
                "deformed_position": [
                    0.3418389688651996,
                    0.2357056621021365,
                    0.2611488894258419
                ],
                "deformed_quaternion": [
                    0.6079707525340473,
                    0.6198868511325389,
                    0.4433051877473508,
                    0.22269343585399104
                ],
                "relative_displacement": [
                    -0.06650233236737679,
                    -0.025093447833623994,
                    -0.0547299905981144
                ],
                "rotation_matrix": [
                    [
                        0.7539249387632715,
                        -0.10373851915791041,
                        -0.6487183567263386
                    ],
                    [
                        -0.07197882595615523,
                        0.9684658605308072,
                        -0.23852237966341103
                    ],
                    [
                        0.6530055400414079,
                        0.22652195617477514,
                        0.7226835877795914
                    ]
                ],
                "local_coordinate_system": [
                    [
                        -0.018564631572781144,
                        0.9646467228667337,
                        0.2628917163340036
                    ],
                    [
                        0.9975159045586911,
                        0.0,
                        0.07044160810526973
                    ],
                    [
                        0.06795126641221118,
                        0.263546390721769,
                        -0.9622504483399867
                    ]
                ]
            },
            {
                "bar_id": "14",
                "deformed_position": [
                    0.40645688182050366,
                    0.1957166263632418,
                    0.260013573281082
                ],
                "deformed_quaternion": [
                    0.41792085986499383,
                    -0.16532681609523928,
                    -0.04562834661936098,
                    0.8921475509994401
                ],
                "relative_displacement": [
                    -0.0401305063969456,
                    -0.028867843580996894,
                    -0.02997183311769125
                ],
                "rotation_matrix": [
                    [
                        0.9173599146821596,
                        0.12442544727110091,
                        -0.37811254277758044
                    ],
                    [
                        -0.2669287531112736,
                        0.8969549154813403,
                        -0.35244988346759676
                    ],
                    [
                        0.2952961694583962,
                        0.4242525046069243,
                        0.8560432142350934
                    ]
                ],
                "local_coordinate_system": [
                    [
                        0.9978576904248655,
                        -3.469446951953614e-18,
                        0.06542193561759924
                    ],
                    [
                        0.02910373835289968,
                        0.8955990898982907,
                        -0.44390904765192535
                    ],
                    [
                        -0.058591825998506444,
                        0.4448620799454066,
                        0.8936804393925198
                    ]
                ]
            },
            {
                "bar_id": "18",
                "deformed_position": [
                    0.3679139925997351,
                    0.15321762278805534,
                    0.22791722865474337
                ],
                "deformed_quaternion": [
                    -0.5004548875086049,
                    -0.27598797079184134,
                    0.5678664940015186,
                    0.5923708218146593
                ],
                "relative_displacement": [
                    -0.024227365954628155,
                    -2.829925627167995e-09,
                    -0.032789565607189014
                ],
                "rotation_matrix": [
                    [
                        0.8787101485206066,
                        -0.055577902062084884,
                        -0.4741092402487752
                    ],
                    [
                        0.11261328884200117,
                        0.9893010925131865,
                        0.09274478706861891
                    ],
                    [
                        0.4638822286562415,
                        -0.1348867864343752,
                        0.8755677202720106
                    ]
                ],
                "local_coordinate_system": [
                    [
                        0.1730155131697889,
                        -0.7853089792204041,
                        -0.5944370777116799
                    ],
                    [
                        0.9601570064622182,
                        0.0,
                        0.2794611295717379
                    ],
                    [
                        -0.21946333439576257,
                        -0.6191040358096587,
                        0.7540199186361636
                    ]
                ]
            }
        ],
        "joint_deformations": [
            {
                "node_id": "1",
                "deformed_position": [
                    0.2958279846033144,
                    0.1757172766355935,
                    0.2558344573120499
                ]
            },
            {
                "node_id": "2",
                "deformed_position": [
                    0.44000000059615574,
                    0.13071796894051713,
                    0.19999999999842882
                ]
            },
            {
                "node_id": "6",
                "deformed_position": [
                    0.24367793713446198,
                    0.20212929314479008,
                    0.32229777885642613
                ]
            },
            {
                "node_id": "8",
                "deformed_position": [
                    0.3729137630450701,
                    0.12215122166700067,
                    0.3200271465666632
                ]
            },
            {
                "node_id": "9",
                "deformed_position": [
                    0.44000000059593725,
                    0.26928203105948295,
                    0.19999999999674142
                ]
            }
        ]
    },
    {
        "sequence_index": 4,
        "bar_deformations": [
            {
                "bar_id": "15",
                "deformed_position": [
                    0.3708757028673445,
                    0.22249965305596717,
                    0.23460629451792542
                ],
                "deformed_quaternion": [
                    -0.1353103672221811,
                    -0.5386957767069812,
                    0.619809460601069,
                    0.5543773058393286
                ],
                "relative_displacement": [
                    -0.02126565568701877,
                    -3.6212789711331794e-09,
                    -0.026100499744006966
                ],
                "rotation_matrix": [
                    [
                        0.9421704828987364,
                        0.09775196596425867,
                        -0.3205609681550209
                    ],
                    [
                        -0.14595563544751164,
                        0.9807229860548841,
                        -0.12992065695917912
                    ],
                    [
                        0.30168151026450885,
                        0.16919508791248647,
                        0.9382756996697778
                    ]
                ],
                "local_coordinate_system": [
                    [
                        -0.32054200858241,
                        -0.785308979220404,
                        -0.5296627491996783
                    ],
                    [
                        0.8555310877710403,
                        -2.7755575615628914e-17,
                        -0.5177514440900196
                    ],
                    [
                        0.4065948580482234,
                        -0.6191040358096587,
                        0.6718562452287974
                    ]
                ]
            },
            {
                "bar_id": "9",
                "deformed_position": [
                    0.34649067110778387,
                    0.23547965379158103,
                    0.2679378532062084
                ],
                "deformed_quaternion": [
                    0.6187118113101966,
                    0.631879252697303,
                    0.4205415469717501,
                    0.2026551549469215
                ],
                "relative_displacement": [
                    -0.06185063012479253,
                    -0.025319456144179464,
                    -0.04794102681774792
                ],
                "rotation_matrix": [
                    [
                        0.796796324997127,
                        -0.09717738204327171,
                        -0.5963825725910246
                    ],
                    [
                        -0.058988964765135446,
                        0.9697588488761426,
                        -0.2368292149679943
                    ],
                    [
                        0.6013617201876174,
                        0.2238846386995652,
                        0.766967893752636
                    ]
                ],
                "local_coordinate_system": [
                    [
                        -0.018564631572781144,
                        0.9646467228667337,
                        0.2628917163340036
                    ],
                    [
                        0.9975159045586911,
                        0.0,
                        0.07044160810526973
                    ],
                    [
                        0.06795126641221118,
                        0.263546390721769,
                        -0.9622504483399867
                    ]
                ]
            },
            {
                "bar_id": "14",
                "deformed_position": [
                    0.4112923866846048,
                    0.19607650011012867,
                    0.26289246126356114
                ],
                "deformed_quaternion": [
                    0.4098692627352211,
                    -0.1403648959181851,
                    -0.03944304444023304,
                    0.9004160869864827
                ],
                "relative_displacement": [
                    -0.03529500153284443,
                    -0.028507969834110025,
                    -0.0270929451352121
                ],
                "rotation_matrix": [
                    [
                        0.936780431709537,
                        0.11499255479183668,
                        -0.33048318430525364
                    ],
                    [
                        -0.23325804859328886,
                        0.9092245000912749,
                        -0.34482095528001566
                    ],
                    [
                        0.26083156544510616,
                        0.40010938601364765,
                        0.8785666586498929
                    ]
                ],
                "local_coordinate_system": [
                    [
                        0.9978576904248655,
                        -3.469446951953614e-18,
                        0.06542193561759924
                    ],
                    [
                        0.02910373835289968,
                        0.8955990898982907,
                        -0.44390904765192535
                    ],
                    [
                        -0.058591825998506444,
                        0.4448620799454066,
                        0.8936804393925198
                    ]
                ]
            },
            {
                "bar_id": "18",
                "deformed_position": [
                    0.37087570286744254,
                    0.15321762199650196,
                    0.23460629451875625
                ],
                "deformed_quaternion": [
                    -0.46951719432492517,
                    -0.2542374259165077,
                    0.5823994257254664,
                    0.6129664300850786
                ],
                "relative_displacement": [
                    -0.021265655686920737,
                    -3.6214790055666413e-09,
                    -0.02610049974317613
                ],
                "rotation_matrix": [
                    [
                        0.9168598622715759,
                        -0.05525250927828464,
                        -0.39536711190209
                    ],
                    [
                        0.09237791790008947,
                        0.9928595649623044,
                        0.07547320416749077
                    ],
                    [
                        0.38837393480998567,
                        -0.10572154218188688,
                        0.9154171957522386
                    ]
                ],
                "local_coordinate_system": [
                    [
                        0.1730155131697889,
                        -0.7853089792204041,
                        -0.5944370777116799
                    ],
                    [
                        0.9601570064622182,
                        0.0,
                        0.2794611295717379
                    ],
                    [
                        -0.21946333439576257,
                        -0.6191040358096587,
                        0.7540199186361636
                    ]
                ]
            },
            {
                "bar_id": "1",
                "deformed_position": [
                    0.37999999970202397,
                    0.16535898447026426,
                    0.1999999999983157
                ],
                "deformed_quaternion": [
                    0.6830127031938243,
                    -0.1830126970345633,
                    0.6830127031938242,
                    0.18301269703456327
                ],
                "relative_displacement": [
                    4.7128967395337895e-14,
                    -1.031952301389083e-13,
                    -1.684319350658825e-12
                ],
                "rotation_matrix": [
                    [
                        1.0,
                        0.0,
                        0.0
                    ],
                    [
                        0.0,
                        1.0,
                        0.0
                    ],
                    [
                        0.0,
                        0.0,
                        1.0
                    ]
                ],
                "local_coordinate_system": [
                    [
                        0.0,
                        -0.4999999876814779,
                        0.8660254108965405
                    ],
                    [
                        0.0,
                        -0.8660254108965406,
                        -0.49999998768147785
                    ],
                    [
                        1.0,
                        0.0,
                        0.0
                    ]
                ]
            }
        ],
        "joint_deformations": [
            {
                "node_id": "0",
                "deformed_position": [
                    0.3199999988078998,
                    0.19999999999998727,
                    0.19999999999911322
                ]
            },
            {
                "node_id": "1",
                "deformed_position": [
                    0.3017514051387369,
                    0.17571727505246273,
                    0.2692125890401327
                ]
            },
            {
                "node_id": "2",
                "deformed_position": [
                    0.4400000005961482,
                    0.13071796894054122,
                    0.19999999999837187
                ]
            },
            {
                "node_id": "6",
                "deformed_position": [
                    0.25298134161961555,
                    0.20167727652369044,
                    0.335875706417069
                ]
            },
            {
                "node_id": "8",
                "deformed_position": [
                    0.3825847727732575,
                    0.12287096916078571,
                    0.32578492253153135
                ]
            },
            {
                "node_id": "9",
                "deformed_position": [
                    0.4400000005959522,
                    0.2692820310594716,
                    0.19999999999683155
                ]
            }
        ]
    },
    {
        "sequence_index": 5,
        "bar_deformations": [
            {
                "bar_id": "15",
                "deformed_position": [
                    0.36585836756058243,
                    0.22249965189811322,
                    0.22188109754532043
                ],
                "deformed_quaternion": [
                    0.1611231826870655,
                    0.5941024466132745,
                    -0.5803437999583821,
                    -0.5331816545782284
                ],
                "relative_displacement": [
                    -0.02628299099378084,
                    -4.7791329227386825e-09,
                    -0.03882569671661196
                ],
                "rotation_matrix": [
                    [
                        0.8919097657406746,
                        0.10015176921674451,
                        -0.44098366511603454
                    ],
                    [
                        -0.2010552408295001,
                        0.9613074350209336,
                        -0.18832101717138536
                    ],
                    [
                        0.4050601929484144,
                        0.25662743130115584,
                        0.8775355272536628
                    ]
                ],
                "local_coordinate_system": [
                    [
                        -0.32054200858241,
                        -0.785308979220404,
                        -0.5296627491996783
                    ],
                    [
                        0.8555310877710403,
                        -2.7755575615628914e-17,
                        -0.5177514440900196
                    ],
                    [
                        0.4065948580482234,
                        -0.6191040358096587,
                        0.6718562452287974
                    ]
                ]
            },
            {
                "bar_id": "9",
                "deformed_position": [
                    0.33677985654347115,
                    0.21011894032127884,
                    0.2186407614661362
                ],
                "deformed_quaternion": [
                    0.5198666680433368,
                    0.5541971360611089,
                    0.6216398095989331,
                    0.19017920223038579
                ],
                "relative_displacement": [
                    -0.07156144468910525,
                    -0.05068016961448166,
                    -0.09723811855782011
                ],
                "rotation_matrix": [
                    [
                        0.5602796229813976,
                        -0.3258015027465684,
                        -0.7615379996296314
                    ],
                    [
                        -0.1882469582510179,
                        0.845251430781453,
                        -0.5001130886820957
                    ],
                    [
                        0.8066286796172464,
                        0.42356038479770985,
                        0.41224601107706726
                    ]
                ],
                "local_coordinate_system": [
                    [
                        -0.018564631572781144,
                        0.9646467228667337,
                        0.2628917163340036
                    ],
                    [
                        0.9975159045586911,
                        0.0,
                        0.07044160810526973
                    ],
                    [
                        0.06795126641221118,
                        0.263546390721769,
                        -0.9622504483399867
                    ]
                ]
            },
            {
                "bar_id": "14",
                "deformed_position": [
                    0.3892048370762071,
                    0.1838506820615407,
                    0.216123736712071
                ],
                "deformed_quaternion": [
                    0.5877956897242208,
                    -0.27281980024417607,
                    -0.07745112216886162,
                    0.7576720315619019
                ],
                "relative_displacement": [
                    -0.05738255114124213,
                    -0.04073378788269799,
                    -0.07386166968670224
                ],
                "rotation_matrix": [
                    [
                        0.8043404696336307,
                        0.06623090949111404,
                        -0.5904658123359307
                    ],
                    [
                        -0.49265857206414015,
                        0.6298741512636462,
                        -0.6004548983409361
                    ],
                    [
                        0.33215047836977896,
                        0.7738682188834747,
                        0.5392624959338872
                    ]
                ],
                "local_coordinate_system": [
                    [
                        0.9978576904248655,
                        -3.469446951953614e-18,
                        0.06542193561759924
                    ],
                    [
                        0.02910373835289968,
                        0.8955990898982907,
                        -0.44390904765192535
                    ],
                    [
                        -0.058591825998506444,
                        0.4448620799454066,
                        0.8936804393925198
                    ]
                ]
            },
            {
                "bar_id": "18",
                "deformed_position": [
                    0.36585836756077006,
                    0.1532176208385816,
                    0.22188109754618007
                ],
                "deformed_quaternion": [
                    -0.5271479398122064,
                    -0.2936425429982874,
                    0.5539294885293723,
                    0.5736298704136956
                ],
                "relative_displacement": [
                    -0.026282990993593214,
                    -4.7793993762645925e-09,
                    -0.03882569671575231
                ],
                "rotation_matrix": [
                    [
                        0.8403581844734715,
                        -0.05200187392655234,
                        -0.5395312103081505
                    ],
                    [
                        0.13045990149706008,
                        0.9855305339210414,
                        0.10821174063235753
                    ],
                    [
                        0.5260972684683206,
                        -0.16132381044791308,
                        0.8349828095791778
                    ]
                ],
                "local_coordinate_system": [
                    [
                        0.1730155131697889,
                        -0.7853089792204041,
                        -0.5944370777116799
                    ],
                    [
                        0.9601570064622182,
                        0.0,
                        0.2794611295717379
                    ],
                    [
                        -0.21946333439576257,
                        -0.6191040358096587,
                        0.7540199186361636
                    ]
                ]
            },
