[
    {
        "sequence_index": 0,
        "bar_deformations": [
            {
                "bar_id": "15",
                "deformed_position": [
                    0.38548803332342224,
                    0.21599595454785914,
                    0.24851179468794427
                ],
                "deformed_quaternion": [
                    -0.051788825372874756,
                    -0.4784059383755283,
                    0.6766751033971187,
                    0.5572759461308437
                ],
                "relative_displacement": [
                    -0.006653325230941032,
                    -0.006503702129387001,
                    -0.012194999573988119
                ],
                "rotation_matrix": [
                    [
                        0.9926315818112218,
                        -0.007202713775525091,
                        -0.12095728049695709
                    ],
                    [
                        -0.007202713697907512,
                        0.9929592642757313,
                        -0.118237136316744
                    ],
                    [
                        0.12095728050157903,
                        0.11823713631201573,
                        0.9855908460869531
                    ]
                ],
                "local_coordinate_system": [
                    [
                        -0.32054200858241,
                        -0.785308979220404,
                        -0.5296627491996783
                    ],
                    [
                        0.8555310877710403,
                        -2.7755575615628914e-17,
                        -0.5177514440900196
                    ],
                    [
                        0.4065948580482234,
                        -0.6191040358096587,
                        0.6718562452287974
                    ]
                ]
            }
        ],
        "joint_deformations": [
            {
                "node_id": "1",
                "deformed_position": [
                    0.330976066050798,
                    0.16270987803645307,
                    0.2970235893781151
                ]
            },
            {
                "node_id": "9",
                "deformed_position": [
                    0.4400000005960465,
                    0.2692820310592652,
                    0.19999999999888668
                ]
            }
        ]
    },
    {
        "sequence_index": 1,
        "bar_deformations": [
            {
                "bar_id": "15",
                "deformed_position": [
                    0.3810313238975699,
                    0.21451398732366395,
                    0.24107932993584325
                ],
                "deformed_quaternion": [
                    -0.06662018391711405,
                    -0.5179232441679336,
                    0.6553529287454728,
                    0.5457378519308921
                ],
                "relative_displacement": [
                    -0.011110034656793388,
                    -0.007985669353582192,
                    -0.01962746432608914
                ],
                "rotation_matrix": [
                    [
                        0.9799714504253264,
                        -0.0004366565826391701,
                        -0.1991375546759343
                    ],
                    [
                        -0.03413693322315861,
                        0.9848267126507262,
                        -0.17014998042809584
                    ],
                    [
                        0.1961902804457945,
                        0.17354006851615747,
                        0.9650871558973353
                    ]
                ],
                "local_coordinate_system": [
                    [
                        -0.32054200858241,
                        -0.785308979220404,
                        -0.5296627491996783
                    ],
                    [
                        0.8555310877710403,
                        -2.7755575615628914e-17,
                        -0.5177514440900196
                    ],
                    [
                        0.4065948580482234,
                        -0.6191040358096587,
                        0.6718562452287974
                    ]
                ]
            },
            {
                "bar_id": "9",
                "deformed_position": [
                    0.38215476597065495,
                    0.2466792016759572,
                    0.3031755197154715
                ],
                "deformed_quaternion": [
                    0.6752731668407566,
                    0.6873044918463695,
                    0.24416935684736876,
                    0.1095445608389649
                ],
                "relative_displacement": [
                    -0.02618653526192144,
                    -0.014119908259803304,
                    -0.01270336030848479
                ],
                "rotation_matrix": [
                    [
                        0.971283276929306,
                        -0.030017135014474176,
                        -0.23602492996078137
                    ],
                    [
                        0.0009961501247608626,
                        0.9925140505249497,
                        -0.1221264393793843
                    ],
                    [
                        0.23792394507993067,
                        0.11838425197668953,
                        0.9640422009650417
                    ]
                ],
                "local_coordinate_system": [
                    [
                        -0.018564631572781144,
                        0.9646467228667337,
                        0.2628917163340036
                    ],
                    [
                        0.9975159045586911,
                        0.0,
                        0.07044160810526973
                    ],
                    [
                        0.06795126641221118,
                        0.263546390721769,
                        -0.9622504483399867
                    ]
                ]
            }
        ],
        "joint_deformations": [
            {
                "node_id": "1",
                "deformed_position": [
                    0.3220626471990933,
                    0.1597459435880627,
                    0.28215865987539696
                ]
            },
            {
                "node_id": "6",
                "deformed_position": [
                    0.3243095313452634,
                    0.2240763722926492,
                    0.406351039435024
                ]
            },
            {
                "node_id": "9",
                "deformed_position": [
                    0.4400000005960465,
                    0.2692820310592652,
                    0.1999999999974029
                ]
            }
        ]
    },
    {
        "sequence_index": 2,
        "bar_deformations": [
            {
                "bar_id": "15",
                "deformed_position": [
                    0.381293281016572,
                    0.20946361303718747,
                    0.2337584475284618
                ],
                "deformed_quaternion": [
                    -0.05133629594017634,
                    -0.5572775590063895,
                    0.6422313260431525,
                    0.5237797540912371
                ],
                "relative_displacement": [
                    -0.010848077537791267,
                    -0.01303604364005867,
                    -0.026948346733470574
                ],
                "rotation_matrix": [
                    [
                        0.9705106727315006,
                        -0.045206015375381006,
                        -0.23678143991481065
                    ],
                    [
                        -0.01669463330653793,
                        0.9672954995221473,
                        -0.25310216479311254
                    ],
                    [
                        0.24047936155314975,
                        0.2495913315363346,
                        0.9380159081214504
                    ]
                ],
                "local_coordinate_system": [
                    [
                        -0.32054200858241,
                        -0.785308979220404,
                        -0.5296627491996783
                    ],
                    [
                        0.8555310877710403,
                        -2.7755575615628914e-17,
                        -0.5177514440900196
                    ],
                    [
                        0.4065948580482234,
                        -0.6191040358096587,
                        0.6718562452287974
                    ]
                ]
            },
            {
                "bar_id": "9",
                "deformed_position": [
                    0.3813434986223265,
                    0.2325230308230582,
                    0.29854104556215477
                ],
                "deformed_quaternion": [
                    0.6625998308519311,
                    0.6856388231600463,
                    0.29259891254870946,
                    0.07243441658501883
                ],
                "relative_displacement": [
                    -0.026997802610249866,
                    -0.0282760791127023,
                    -0.017337834461801538
                ],
                "rotation_matrix": [
                    [
                        0.9657140207605949,
                        -0.07684196186901755,
                        -0.24797528708023636
                    ],
                    [
                        0.01502907411385564,
                        0.9701363309491141,
                        -0.2420942508691003
                    ],
                    [
                        0.2591728323680656,
                        0.23006697344188953,
                        0.9380291203867838
                    ]
                ],
                "local_coordinate_system": [
                    [
                        -0.018564631572781144,
                        0.9646467228667337,
                        0.2628917163340036
                    ],
                    [
                        0.9975159045586911,
                        0.0,
                        0.07044160810526973
                    ],
                    [
                        0.06795126641221118,
                        0.263546390721769,
                        -0.9622504483399867
                    ]
                ]
            },
            {
                "bar_id": "14",
                "deformed_position": [
                    0.4325840213344421,
                    0.2005321946881206,
                    0.27319222442037816
                ],
                "deformed_quaternion": [
                    0.36791344484279853,
                    -0.034486417493614294,
                    -0.01300077652817913,
                    0.9291293580132022
                ],
                "relative_displacement": [
                    -0.014003366883007129,
                    -0.024052275256118083,
                    -0.016793181978395078
                ],
                "rotation_matrix": [
                    [
                        0.9903284525732716,
                        0.06062887410125946,
                        -0.12479461386230939
                    ],
                    [
                        -0.09409761880023741,
                        0.954490522821968,
                        -0.2830079150468611
                    ],
                    [
                        0.10195682497976521,
                        0.29201366657788436,
                        0.9509641551456005
                    ]
                ],
                "local_coordinate_system": [
                    [
                        0.9978576904248655,
                        -3.469446951953614e-18,
                        0.06542193561759924
                    ],
                    [
                        0.02910373835289968,
                        0.8955990898982907,
                        -0.44390904765192535
                    ],
                    [
                        -0.058591825998506444,
                        0.4448620799454066,
                        0.8936804393925198
                    ]
                ]
            }
        ],
        "joint_deformations": [
            {
                "node_id": "1",
                "deformed_position": [
                    0.3225865614370976,
                    0.14964519501510978,
                    0.2675168950618747
                ]
            },
            {
                "node_id": "6",
                "deformed_position": [
                    0.3226869966486065,
                    0.1957640305868512,
                    0.3970820911296311
                ]
            },
            {
                "node_id": "8",
                "deformed_position": [
                    0.42516804207283776,
                    0.13178235831697604,
                    0.34638444884583475
                ]
            },
            {
                "node_id": "9",
                "deformed_position": [
                    0.4400000005960465,
                    0.2692820310592652,
                    0.19999999999616225
                ]
            }
        ]
    },
    {
        "sequence_index": 3,
        "bar_deformations": [
            {
                "bar_id": "15",
                "deformed_position": [
                    0.3820290790091009,
                    0.22249965323437149,
                    0.25113840353296135
                ],
                "deformed_quaternion": [
                    -0.08564936671912324,
                    -0.45791251031304053,
                    0.6728320797791518,
                    0.5746975824722804
                ],
                "relative_displacement": [
                    -0.010112279545262393,
                    -3.4428746520376308e-09,
                    -0.009568390728971032
                ],
                "rotation_matrix": [
                    [
                        0.9896425890232627,
                        0.05432374595088035,
                        -0.13287767539055415
                    ],
                    [
                        -0.0615644738238791,
                        0.9967992097211552,
                        -0.05100148097917437
                    ],
                    [
                        0.12968177032305725,
                        0.05865378184861049,
                        0.9898193634803945
                    ]
                ],
                "local_coordinate_system": [
                    [
                        -0.32054200858241,
                        -0.785308979220404,
                        -0.5296627491996783
                    ],
                    [
                        0.8555310877710403,
                        -2.7755575615628914e-17,
                        -0.5177514440900196
                    ],
                    [
                        0.4065948580482234,
                        -0.6191040358096587,
                        0.6718562452287974
                    ]
                ]
            },
            {
                "bar_id": "9",
                "deformed_position": [
                    0.3857822402253235,
                    0.2514156820119019,
                    0.30603478172307513
                ],
                "deformed_quaternion": [
                    0.6810904362239674,
                    0.6901946775681499,
                    0.21751538909149662,
                    0.11150865549013857
                ],
                "relative_displacement": [
                    -0.022559061007252912,
                    -0.0093834279238586,
                    -0.009844098300881177
                ],
                "rotation_matrix": [
                    [
                        0.9793757422164586,
                        -0.015531352433755292,
                        -0.20144957842978814
                    ],
                    [
                        -0.0009541474043037717,
                        0.9966744958327723,
                        -0.08148029798190397
                    ],
                    [
                        0.202045156241598,
                        0.07999203990440228,
                        0.9761040049048261
                    ]
                ],
                "local_coordinate_system": [
                    [
                        -0.018564631572781144,
                        0.9646467228667337,
                        0.2628917163340036
                    ],
                    [
                        0.9975159045586911,
                        0.0,
                        0.07044160810526973
                    ],
                    [
                        0.06795126641221118,
                        0.263546390721769,
                        -0.9622504483399867
                    ]
                ]
            },
            {
                "bar_id": "14",
                "deformed_position": [
                    0.4348277107970545,
                    0.21293199472402818,
                    0.28328600850814656
                ],
                "deformed_quaternion": [
                    0.2929681055121046,
                    -0.024426084736955664,
                    -0.007980855971525319,
                    0.955776836649138
                ],
                "relative_displacement": [
                    -0.011759677420394743,
                    -0.011652475220210512,
                    -0.006699397890626679
                ],
                "rotation_matrix": [
                    [
                        0.993179267421388,
                        0.05271322520106218,
                        -0.10400124351764725
                    ],
                    [
                        -0.06611698248513762,
                        0.9893121293546641,
                        -0.12996174567464172
                    ],
                    [
                        0.09603898891270601,
                        0.13595155975803422,
                        0.9860495352709125
                    ]
                ],
                "local_coordinate_system": [
                    [
                        0.9978576904248655,
                        -3.469446951953614e-18,
                        0.06542193561759924
                    ],
                    [
                        0.02910373835289968,
                        0.8955990898982907,
                        -0.44390904765192535
                    ],
                    [
                        -0.058591825998506444,
                        0.4448620799454066,
                        0.8936804393925198
                    ]
                ]
            },
            {
                "bar_id": "18",
                "deformed_position": [
                    0.38202907900920047,
                    0.15321762217488144,
                    0.2511384035339764
                ],
                "deformed_quaternion": [
                    -0.3838008799966898,
                    -0.1873763343822033,
                    0.6139557526447054,
                    0.6638112138415023
                ],
                "relative_displacement": [
                    -0.010112279545162806,
                    -3.4430995277112686e-09,
                    -0.009568390727956011
                ],
                "rotation_matrix": [
                    [
                        0.9856056573947262,
                        -0.032334156073027254,
                        -0.1659397193638552
                    ],
                    [
                        0.037867333169157996,
                        0.9988236305938203,
                        0.030288942636476284
                    ],
                    [
                        0.16476514555623073,
                        -0.036136647858163035,
                        0.9856706293135702
                    ]
                ],
                "local_coordinate_system": [
                    [
                        0.1730155131697889,
                        -0.7853089792204041,
                        -0.5944370777116799
                    ],
                    [
                        0.9601570064622182,
                        0.0,
                        0.2794611295717379
                    ],
                    [
                        -0.21946333439576257,
                        -0.6191040358096587,
                        0.7540199186361636
                    ]
                ]
            }
        ],
        "joint_deformations": [
            {
                "node_id": "1",
                "deformed_position": [
                    0.32405815742225486,
                    0.1757172754092529,
                    0.3022768070704053
                ]
            },
            {
                "node_id": "2",
                "deformed_position": [
                    0.440000000596146,
                    0.13071796894051,
                    0.1999999999985394
                ]
            },
            {
                "node_id": "6",
                "deformed_position": [
                    0.33156447985469994,
                    0.23354933296431374,
                    0.4120695634510032
                ]
            },
            {
                "node_id": "8",
                "deformed_position": [
                    0.429655420998162,
                    0.15658195838856628,
                    0.36657201702090286
                ]
            },
            {
                "node_id": "9",
                "deformed_position": [
                    0.44000000059594696,
                    0.26928203105949006,
                    0.19999999999663085
                ]
            }
        ]
    },
    {
        "sequence_index": 4,
        "bar_deformations": [
            {
                "bar_id": "15",
                "deformed_position": [
                    0.3835366889664134,
                    0.22249965281464645,
                    0.2527982811626803
                ],
                "deformed_quaternion": [
                    -0.07927252330092885,
                    -0.44894367381023215,
                    0.6783714850646554,
                    0.576174950033798
                ],
                "relative_displacement": [
                    -0.008604669587949865,
                    -3.862599684545387e-09,
                    -0.007908513099252057
                ],
                "rotation_matrix": [
                    [
                        0.992666391271813,
                        0.04679478767342646,
                        -0.1114615785192129
                    ],
                    [
                        -0.05181598782278078,
                        0.9977482834053424,
                        -0.042584813814807984
                    ],
                    [
                        0.10921785131261813,
                        0.04804800524778695,
                        0.9928559060338833
                    ]
                ],
                "local_coordinate_system": [
                    [
                        -0.32054200858241,
                        -0.785308979220404,
                        -0.5296627491996783
                    ],
                    [
                        0.8555310877710403,
                        -2.7755575615628914e-17,
                        -0.5177514440900196
                    ],
                    [
                        0.4065948580482234,
                        -0.6191040358096587,
                        0.6718562452287974
                    ]
                ]
            },
            {
                "bar_id": "9",
                "deformed_position": [
                    0.3877327890952864,
                    0.25159720350831527,
                    0.3070398634560913
                ],
                "deformed_quaternion": [
                    0.6824698453893351,
                    0.6918532007384081,
                    0.21060892247293783,
                    0.1059147795969252
                ],
                "relative_displacement": [
                    -0.02060851213728998,
                    -0.009201906427445228,
                    -0.00883901656786501
                ],
                "rotation_matrix": [
                    [
                        0.9828722512092354,
                        -0.015346277704816915,
                        -0.18364811342209916
                    ],
                    [
                        0.0007203091964794149,
                        0.9968390458905961,
                        -0.07944430591670719
                    ],
                    [
                        0.18428678454395755,
                        0.07795132037709514,
                        0.979776491192719
                    ]
                ],
                "local_coordinate_system": [
                    [
                        -0.018564631572781144,
                        0.9646467228667337,
                        0.2628917163340036
                    ],
                    [
                        0.9975159045586911,
                        0.0,
                        0.07044160810526973
                    ],
                    [
                        0.06795126641221118,
                        0.263546390721769,
                        -0.9622504483399867
                    ]
                ]
            },
            {
                "bar_id": "14",
                "deformed_position": [
                    0.4363928040989694,
                    0.21315959400242096,
                    0.2835218449296587
                ],
                "deformed_quaternion": [
                    0.29149921706368254,
                    -0.016854042378380164,
                    -0.0061509268066752346,
                    0.9564027989326394
                ],
                "relative_displacement": [
                    -0.010194584118479844,
                    -0.011424875941817736,
                    -0.0064635614691145316
                ],
                "rotation_matrix": [
                    [
                        0.9948715770201255,
                        0.04672496184593822,
                        -0.08970687363844525
                    ],
                    [
                        -0.05800963788991895,
                        0.9901249700016987,
                        -0.12762219905257657
                    ],
                    [
                        0.08285787318878542,
                        0.13217156169021618,
                        0.9877576884696977
                    ]
                ],
                "local_coordinate_system": [
                    [
                        0.9978576904248655,
                        -3.469446951953614e-18,
                        0.06542193561759924
                    ],
                    [
                        0.02910373835289968,
                        0.8955990898982907,
                        -0.44390904765192535
                    ],
                    [
                        -0.058591825998506444,
                        0.4448620799454066,
                        0.8936804393925198
                    ]
                ]
            },
            {
                "bar_id": "18",
                "deformed_position": [
                    0.3835366889664975,
                    0.15321762175517772,
                    0.25279828116358055
                ],
                "deformed_quaternion": [
                    -0.37412786319484476,
                    -0.17925662894875874,
                    0.616733898273993,
                    0.668980344762797
                ],
                "relative_displacement": [
                    -0.008604669587865765,
                    -3.862803243936952e-09,
                    -0.007908513098351833
                ],
                "rotation_matrix": [
                    [
                        0.9898430693147031,
                        -0.027950032714632825,
                        -0.13938971913630724
                    ],
                    [
                        0.03178533729243966,
                        0.9991728192433658,
                        0.02536473178391434
                    ],
                    [
                        0.13856547355980678,
                        -0.029537653199179937,
                        0.9899126913928477
                    ]
                ],
                "local_coordinate_system": [
                    [
                        0.1730155131697889,
                        -0.7853089792204041,
                        -0.5944370777116799
                    ],
                    [
                        0.9601570064622182,
                        0.0,
                        0.2794611295717379
                    ],
                    [
                        -0.21946333439576257,
                        -0.6191040358096587,
                        0.7540199186361636
                    ]
                ]
            },
            {
                "bar_id": "1",
                "deformed_position": [
                    0.3799999997020175,
                    0.1653589844702632,
                    0.1999999999983864
                ],
                "deformed_quaternion": [
                    0.6830127031938243,
                    -0.1830126970345633,
                    0.6830127031938242,
                    0.18301269703456327
                ],
                "relative_displacement": [
                    4.063416270128073e-14,
                    -1.042499420123022e-13,
                    -1.6135981439902025e-12
                ],
                "rotation_matrix": [
                    [
                        1.0,
                        0.0,
                        0.0
                    ],
                    [
                        0.0,
                        1.0,
                        0.0
                    ],
                    [
                        0.0,
                        0.0,
                        1.0
                    ]
                ],
                "local_coordinate_system": [
                    [
                        0.0,
                        -0.4999999876814779,
                        0.8660254108965405
                    ],
                    [
                        0.0,
                        -0.8660254108965406,
                        -0.49999998768147785
                    ],
                    [
                        1.0,
                        0.0,
                        0.0
                    ]
                ]
            }
        ],
        "joint_deformations": [
            {
                "node_id": "0",
                "deformed_position": [
                    0.31999999880790153,
                    0.19999999999999024,
                    0.19999999999925733
                ]
            },
            {
                "node_id": "1",
                "deformed_position": [
                    0.3270733773368616,
                    0.17571727456981925,
                    0.30559656232978394
                ]
            },
            {
                "node_id": "2",
                "deformed_position": [
                    0.4400000005961334,
                    0.1307179689405362,
                    0.19999999999836918
                ]
            },
            {
                "node_id": "6",
                "deformed_position": [
                    0.33546557759460766,
                    0.23391237595715691,
                    0.4140797269169763
                ]
            },
            {
                "node_id": "8",
                "deformed_position": [
                    0.4327856076019737,
                    0.15703715694536827,
                    0.36704368986386793
                ]
            },
            {
                "node_id": "9",
                "deformed_position": [
                    0.44000000059596517,
                    0.2692820310594736,
                    0.1999999999966901
                ]
            }
        ]
    },
    {
        "sequence_index": 5,
        "bar_deformations": [
            {
                "bar_id": "15",
                "deformed_position": [
                    0.38132920653722563,
                    0.2224996503404142,
                    0.25033390426708907
                ],
                "deformed_quaternion": [
                    -0.08862734416601234,
                    -0.4621868333092198,
                    0.6701669719193201,
                    0.5739379363051063
                ],
                "relative_displacement": [
                    -0.010812152017137644,
                    -6.336831948061672e-09,
                    -0.010372889994843315
                ],
                "rotation_matrix": [
                    [
                        0.9880298772757675,
                        0.0577290935145623,
                        -0.14305353323989825
                    ],
                    [
                        -0.0661797356892226,
                        0.9962889059355855,
                        -0.05503324898439644
                    ],
                    [
                        0.13934562854476776,
                        0.06384173925936586,
                        0.9881837016131174
                    ]
                ],
                "local_coordinate_system": [
                    [
                        -0.32054200858241,
                        -0.785308979220404,
                        -0.5296627491996783
                    ],
                    [
                        0.8555310877710403,
                        -2.7755575615628914e-17,
                        -0.5177514440900196
                    ],
                    [
                        0.4065948580482234,
                        -0.6191040358096587,
                        0.6718562452287974
                    ]
                ]
            },
            {
                "bar_id": "9",
                "deformed_position": [
                    0.38144696227041125,
                    0.23780527424056674,
                    0.3004136528371277
                ],
                "deformed_quaternion": [
                    0.6675945644224565,
                    0.6864631406461208,
                    0.2748493616029517,
                    0.08685437533195794
                ],
                "relative_displacement": [
                    -0.026894338962165143,
                    -0.022993835695193754,
                    -0.015465227186828634
                ],
                "rotation_matrix": [
                    [
                        0.967658975885741,
                        -0.059065092512839715,
                        -0.24524971199617865
                    ],
                    [
                        0.009864338627607567,
                        0.9803185346247101,
                        -0.19717572237651618
                    ],
                    [
                        0.25206904056468094,
                        0.18837963137693728,
                        0.949196667330375
                    ]
                ],
                "local_coordinate_system": [
                    [
                        -0.018564631572781144,
                        0.9646467228667337,
                        0.2628917163340036
                    ],
                    [
                        0.9975159045586911,
                        0.0,
                        0.07044160810526973
                    ],
                    [
                        0.06795126641221118,
                        0.263546390721769,
                        -0.9622504483399867
                    ]
                ]
            },
            {
                "bar_id": "14",
                "deformed_position": [
                    0.42523679214966664,
                    0.206359926552453,
                    0.27721071542461195
                ],
                "deformed_quaternion": [
                    0.33404184377921214,
                    -0.07078876266199759,
                    -0.020330052549748418,
                    0.939676373358771
                ],
                "relative_displacement": [
                    -0.021350596067782612,
                    -0.018224543391785697,
                    -0.012774690974161285
                ],
                "rotation_matrix": [
                    [
                        0.9774400978720298,
                        0.08573665832384908,
                        -0.1930287038017307
                    ],
                    [
                        -0.12619943079721987,
                        0.9699020380585994,
                        -0.20823962215734285
                    ],
                    [
                        0.1693651638867168,
                        0.22790186920961128,
                        0.9588410604852041
                    ]
                ],
                "local_coordinate_system": [
                    [
                        0.9978576904248655,
                        -3.469446951953614e-18,
                        0.06542193561759924
                    ],
                    [
                        0.02910373835289968,
                        0.8955990898982907,
                        -0.44390904765192535
                    ],
                    [
                        -0.058591825998506444,
                        0.4448620799454066,
                        0.8936804393925198
                    ]
                ]
            },
            {
                "bar_id": "18",
                "deformed_position": [
                    0.38132920653736835,
                    0.1532176192808798,
                    0.2503339042680924
                ],
                "deformed_quaternion": [
                    -0.3883984548466489,
                    -0.19119586150151124,
                    0.6125802450722938,
                    0.6613140147952401
                ],
                "relative_displacement": [
                    -0.010812152016994925,
                    -6.3371011771451435e-09,
                    -0.010372889993840007
                ],
                "rotation_matrix": [
                    [
                        0.9833367015734851,
                        -0.034300415715963324,
                        -0.17852846501410016
                    ],
                    [
                        0.040759770117231205,
                        0.9986357439977911,
                        0.032638810486422226
                    ],
                    [
                        0.1771653817159807,
                        -0.03937171944035739,
                        0.9833932556356794
                    ]
                ],
                "local_coordinate_system": [
                    [
                        0.1730155131697889,
                        -0.7853089792204041,
                        -0.5944370777116799
                    ],
                    [
                        0.9601570064622182,
                        0.0,
                        0.2794611295717379
                    ],
                    [
                        -0.21946333439576257,
                        -0.6191040358096587,
