[
    {
        "sequence_index": 0,
        "bar_deformations": [
            {
                "bar_id": "15",
                "deformed_position": [
                    0.39131879671012165,
                    0.22169559299063987,
                    0.25941402178429546
                ],
                "deformed_quaternion": [
                    -0.04453422846971102,
                    -0.4113906658003531,
                    0.7027353202889556,
                    0.5787378441102058
                ],
                "relative_displacement": [
                    -0.0008225618442416205,
                    -0.0008040636866062656,
                    -0.0012927724776369276
                ],
                "rotation_matrix": [
                    [
                        0.9999062239671291,
                        -9.166715410413584e-05,
                        -0.013694337111751954
                    ],
                    [
                        -9.166715255370939e-05,
                        0.9999103943007378,
                        -0.013386372416608268
                    ],
                    [
                        0.013694337111762331,
                        0.013386372416597651,
                        0.9998166182678669
                    ]
                ],
                "local_coordinate_system": [
                    [
                        -0.32054200858241,
                        -0.785308979220404,
                        -0.5296627491996783
                    ],
                    [
                        0.8555310877710403,
                        -2.7755575615628914e-17,
                        -0.5177514440900196
                    ],
                    [
                        0.4065948580482234,
                        -0.6191040358096587,
                        0.6718562452287974
                    ]
                ]
            }
        ],
        "joint_deformations": [
            {
                "node_id": "1",
                "deformed_position": [
                    0.3426375928241968,
                    0.17410915492201456,
                    0.31882804357081757
                ]
            },
            {
                "node_id": "9",
                "deformed_position": [
                    0.4400000005960465,
                    0.2692820310592652,
                    0.19999999999888668
                ]
            }
        ]
    },
    {
        "sequence_index": 1,
        "bar_deformations": [
            {
                "bar_id": "15",
                "deformed_position": [
                    0.3909384690906369,
                    0.221589087880325,
                    0.25901443877493213
                ],
                "deformed_quaternion": [
                    -0.04577496578613105,
                    -0.41393401547793013,
                    0.7015268609290068,
                    0.5782934780305663
                ],
                "relative_displacement": [
                    -0.0012028894637263754,
                    -0.0009105687969211407,
                    -0.0016923554870002522
                ],
                "rotation_matrix": [
                    [
                        0.9998208259914237,
                        0.0013996286179974488,
                        -0.018877419144548893
                    ],
                    [
                        -0.001710338878000454,
                        0.9998631729238016,
                        -0.01645327236967471
                    ],
                    [
                        0.018851807731612866,
                        0.01648261115478927,
                        0.999686417270321
                    ]
                ],
                "local_coordinate_system": [
                    [
                        -0.32054200858241,
                        -0.785308979220404,
                        -0.5296627491996783
                    ],
                    [
                        0.8555310877710403,
                        -2.7755575615628914e-17,
                        -0.5177514440900196
                    ],
                    [
                        0.4065948580482234,
                        -0.6191040358096587,
                        0.6718562452287974
                    ]
                ]
            },
            {
                "bar_id": "9",
                "deformed_position": [
                    0.40607820022468294,
                    0.25961209947317776,
                    0.3151431747384719
                ],
                "deformed_quaternion": [
                    0.6957673577557163,
                    0.7028359727412383,
                    0.1290415198885753,
                    0.07264754261055986
                ],
                "relative_displacement": [
                    -0.0022631010078934533,
                    -0.0011870104625827382,
                    -0.0007357052854843893
                ],
                "rotation_matrix": [
                    [
                        0.9998053387869337,
                        -0.001365124605747158,
                        -0.019683012166726754
                    ],
                    [
                        0.0011698792802387582,
                        0.9999500359346933,
                        -0.009927588663670196
                    ],
                    [
                        0.019695581118981936,
                        0.009902629399111563,
                        0.9997569814786839
                    ]
                ],
                "local_coordinate_system": [
                    [
                        -0.018564631572781144,
                        0.9646467228667337,
                        0.2628917163340036
                    ],
                    [
                        0.9975159045586911,
                        0.0,
                        0.07044160810526973
                    ],
                    [
                        0.06795126641221118,
                        0.263546390721769,
                        -0.9622504483399867
                    ]
                ]
            }
        ],
        "joint_deformations": [
            {
                "node_id": "1",
                "deformed_position": [
                    0.34187693758522736,
                    0.1738961447013848,
                    0.3180288775535747
                ]
            },
            {
                "node_id": "6",
                "deformed_position": [
                    0.3721563998533194,
                    0.2499421678870904,
                    0.43028634948102473
                ]
            },
            {
                "node_id": "9",
                "deformed_position": [
                    0.4400000005960465,
                    0.2692820310592652,
                    0.1999999999974029
                ]
            }
        ]
    },
    {
        "sequence_index": 2,
        "bar_deformations": [
            {
                "bar_id": "15",
                "deformed_position": [
                    0.39099536144803904,
                    0.22114095737478578,
                    0.25869699357618536
                ],
                "deformed_quaternion": [
                    -0.04418929920026394,
                    -0.4162218670123865,
                    0.701294089082731,
                    0.5770556852458307
                ],
                "relative_displacement": [
                    -0.001145997106324237,
                    -0.0013586993024603533,
                    -0.0020098006857470208
                ],
                "rotation_matrix": [
                    [
                        0.9997928831880456,
                        -0.0016174183518505737,
                        -0.02028730352732496
                    ],
                    [
                        0.001178402770350191,
                        0.9997652797052824,
                        -0.021633235142463392
                    ],
                    [
                        0.020317531676991324,
                        0.021604847921088893,
                        0.9995601174781139
                    ]
                ],
                "local_coordinate_system": [
                    [
                        -0.32054200858241,
                        -0.785308979220404,
                        -0.5296627491996783
                    ],
                    [
                        0.8555310877710403,
                        -2.7755575615628914e-17,
                        -0.5177514440900196
                    ],
                    [
                        0.4065948580482234,
                        -0.6191040358096587,
                        0.6718562452287974
                    ]
                ]
            },
            {
                "bar_id": "9",
                "deformed_position": [
                    0.4061839379925143,
                    0.25872873441606037,
                    0.31509669259510553
                ],
                "deformed_quaternion": [
                    0.6953415719288699,
                    0.7031199945480404,
                    0.1313423239510011,
                    0.06979660130265618
                ],
                "relative_displacement": [
                    -0.0021573632400621046,
                    -0.0020703755197001295,
                    -0.000782187428850778
                ],
                "rotation_matrix": [
                    [
                        0.9998151899453434,
                        -0.003418843517779095,
                        -0.018918178124695702
                    ],
                    [
                        0.003096695537260179,
                        0.9998501552835329,
                        -0.017031660407734316
                    ],
                    [
                        0.01897357191744053,
                        0.01696992894787163,
                        0.9996759600391508
                    ]
                ],
                "local_coordinate_system": [
                    [
                        -0.018564631572781144,
                        0.9646467228667337,
                        0.2628917163340036
                    ],
                    [
                        0.9975159045586911,
                        0.0,
                        0.07044160810526973
                    ],
                    [
                        0.06795126641221118,
                        0.263546390721769,
                        -0.9622504483399867
                    ]
                ]
            },
            {
                "bar_id": "14",
                "deformed_position": [
                    0.44557231180434564,
                    0.2224955493051202,
                    0.2889865878676844
                ],
                "deformed_quaternion": [
                    0.2395587391177484,
                    0.027040822446029796,
                    0.005959467107997685,
                    0.9704869340622498
                ],
                "relative_displacement": [
                    -0.0010150764131036105,
                    -0.0020889206391185022,
                    -0.000998818531088852
                ],
                "rotation_matrix": [
                    [
                        0.9999480360895193,
                        0.005736414867682586,
                        -0.008427257274998568
                    ],
                    [
                        -0.005928261592791525,
                        0.9997197427793122,
                        -0.022919241081528152
                    ],
                    [
                        0.008293421200000576,
                        0.02296800909377226,
                        0.9997018004000331
                    ]
                ],
                "local_coordinate_system": [
                    [
                        0.9978576904248655,
                        -3.469446951953614e-18,
                        0.06542193561759924
                    ],
                    [
                        0.02910373835289968,
                        0.8955990898982907,
                        -0.44390904765192535
                    ],
                    [
                        -0.058591825998506444,
                        0.4448620799454066,
                        0.8936804393925198
                    ]
                ]
            }
        ],
        "joint_deformations": [
            {
                "node_id": "1",
                "deformed_position": [
                    0.3419907223000315,
                    0.1729998836903064,
                    0.31739398715732187
                ]
            },
            {
                "node_id": "6",
                "deformed_position": [
                    0.3723678753889821,
                    0.24817543777285556,
                    0.43019338519553263
                ]
            },
            {
                "node_id": "8",
                "deformed_position": [
                    0.45114462301264485,
                    0.1757090675509752,
                    0.37797317574044714
                ]
            },
            {
                "node_id": "9",
                "deformed_position": [
                    0.4400000005960465,
                    0.2692820310592652,
                    0.19999999999616225
                ]
            }
        ]
    },
    {
        "sequence_index": 3,
        "bar_deformations": [
            {
                "bar_id": "15",
                "deformed_position": [
                    0.3911109654856535,
                    0.22249965354754958,
                    0.2598800991398653
                ],
                "deformed_quaternion": [
                    -0.04781880238066576,
                    -0.4078723451434799,
                    0.7028004561586476,
                    0.580882975330861
                ],
                "relative_displacement": [
                    -0.0010303930687097784,
                    -3.129696557468975e-09,
                    -0.0008266951220670671
                ],
                "rotation_matrix": [
                    [
                        0.999904345182766,
                        0.00587458613650861,
                        -0.012521570282856852
                    ],
                    [
                        -0.005933838348669223,
                        0.9999713487906258,
                        -0.004700123435463521
                    ],
                    [
                        0.01249360024475113,
                        0.004773974819945297,
                        0.9999105555585174
                    ]
                ],
                "local_coordinate_system": [
                    [
                        -0.32054200858241,
                        -0.785308979220404,
                        -0.5296627491996783
                    ],
                    [
                        0.8555310877710403,
                        -2.7755575615628914e-17,
                        -0.5177514440900196
                    ],
                    [
                        0.4065948580482234,
                        -0.6191040358096587,
                        0.6718562452287974
                    ]
                ]
            },
            {
                "bar_id": "9",
                "deformed_position": [
                    0.40645152024262177,
                    0.2599738946983263,
                    0.31528228340884545
                ],
                "deformed_quaternion": [
                    0.6960753284962238,
                    0.7029419124959193,
                    0.12683259521911028,
                    0.07256236976173502
                ],
                "relative_displacement": [
                    -0.0018897809899546258,
                    -0.0008252152374341737,
                    -0.0005965966151108559
                ],
                "rotation_matrix": [
                    [
                        0.9998652241123105,
                        -0.0007530057086405054,
                        -0.016400201012248882
                    ],
                    [
                        0.0006391161268142029,
                        0.9999756543927694,
                        -0.006948535984607362
                    ],
                    [
                        0.016405034026659635,
                        0.0069371178565519704,
                        0.9998413630443725
                    ]
                ],
                "local_coordinate_system": [
                    [
                        -0.018564631572781144,
                        0.9646467228667337,
                        0.2628917163340036
                    ],
                    [
                        0.9975159045586911,
                        0.0,
                        0.07044160810526973
                    ],
                    [
                        0.06795126641221118,
                        0.263546390721769,
                        -0.9622504483399867
                    ]
                ]
            },
            {
                "bar_id": "14",
                "deformed_position": [
                    0.44571006308489713,
                    0.22339539982498505,
                    0.28944523801994065
                ],
                "deformed_quaternion": [
                    0.23468419735273582,
                    0.027665962221795914,
                    0.006274794488235805,
                    0.97165762951843
                ],
                "relative_displacement": [
                    -0.0008773251325521203,
                    -0.001189070119253649,
                    -0.000540168378832584
                ],
                "rotation_matrix": [
                    [
                        0.9999615860554151,
                        0.0045922888434868515,
                        -0.007465741538291888
                    ],
                    [
                        -0.00468847576576463,
                        0.9999055707085203,
                        -0.012917734362573539
                    ],
                    [
                        0.007405714586211684,
                        0.012952241089717318,
                        0.9998886912262891
                    ]
                ],
                "local_coordinate_system": [
                    [
                        0.9978576904248655,
                        -3.469446951953614e-18,
                        0.06542193561759924
                    ],
                    [
                        0.02910373835289968,
                        0.8955990898982907,
                        -0.44390904765192535
                    ],
                    [
                        -0.058591825998506444,
                        0.4448620799454066,
                        0.8936804393925198
                    ]
                ]
            },
            {
                "bar_id": "18",
                "deformed_position": [
                    0.3911109654857394,
                    0.15321762248806478,
                    0.25988009914095045
                ],
                "deformed_quaternion": [
                    -0.32934510421921853,
                    -0.1401994481263504,
                    0.627554455778696,
                    0.6914125556454725
                ],
                "relative_displacement": [
                    -0.0010303930686238472,
                    -3.1299161873388215e-09,
                    -0.0008266951209819351
                ],
                "rotation_matrix": [
                    [
                        0.9998695033901231,
                        -0.0035540146054099395,
                        -0.015758971114033404
                    ],
                    [
                        0.0035992234623550036,
                        0.9999894861439415,
                        0.002841336313076629
                    ],
                    [
                        0.015748707275723924,
                        -0.002897685586896457,
                        0.9998717825988406
                    ]
                ],
                "local_coordinate_system": [
                    [
                        0.1730155131697889,
                        -0.7853089792204041,
                        -0.5944370777116799
                    ],
                    [
                        0.9601570064622182,
                        0.0,
                        0.2794611295717379
                    ],
                    [
                        -0.21946333439576257,
                        -0.6191040358096587,
                        0.7540199186361636
                    ]
                ]
            }
        ],
        "joint_deformations": [
            {
                "node_id": "1",
                "deformed_position": [
                    0.34222193037534643,
                    0.17571727603561432,
                    0.31976019828428326
                ]
            },
            {
                "node_id": "2",
                "deformed_position": [
                    0.4400000005961324,
                    0.13071796894051524,
                    0.19999999999860957
                ]
            },
            {
                "node_id": "6",
                "deformed_position": [
                    0.372903039889283,
                    0.2506657583371679,
                    0.43056456682261396
                ]
            },
            {
                "node_id": "8",
                "deformed_position": [
                    0.45142012557383376,
                    0.1775087685904853,
                    0.3788904760445613
                ]
            },
            {
                "node_id": "9",
                "deformed_position": [
                    0.44000000059596056,
                    0.2692820310594848,
                    0.19999999999656068
                ]
            }
        ]
    },
    {
        "sequence_index": 4,
        "bar_deformations": [
            {
                "bar_id": "15",
                "deformed_position": [
                    0.39124690822967767,
                    0.2224996532313423,
                    0.25999083271660267
                ],
                "deformed_quaternion": [
                    -0.04726084814585033,
                    -0.40718563755639087,
                    0.7031954771189873,
                    0.5809323452517773
                ],
                "relative_displacement": [
                    -0.0008944503246856028,
                    -3.4459038400491693e-09,
                    -0.000715961545329713
                ],
                "rotation_matrix": [
                    [
                        0.9999280271431013,
                        0.005102995750764814,
                        -0.010858175172329452
                    ],
                    [
                        -0.005147500501074587,
                        0.9999784496337832,
                        -0.004074740066158294
                    ],
                    [
                        0.010837147793434967,
                        0.004130339257614935,
                        0.9999327460011099
                    ]
                ],
                "local_coordinate_system": [
                    [
                        -0.32054200858241,
                        -0.785308979220404,
                        -0.5296627491996783
                    ],
                    [
                        0.8555310877710403,
                        -2.7755575615628914e-17,
                        -0.5177514440900196
                    ],
                    [
                        0.4065948580482234,
                        -0.6191040358096587,
                        0.6718562452287974
                    ]
                ]
            },
            {
                "bar_id": "9",
                "deformed_position": [
                    0.406569724092294,
                    0.2599863811917147,
                    0.31531762359046106
                ],
                "deformed_quaternion": [
                    0.6961200067220761,
                    0.7030020361187114,
                    0.12643603599512496,
                    0.07224266229896557
                ],
                "relative_displacement": [
                    -0.0017715771402823655,
                    -0.0008127287440458097,
                    -0.0005612564334952497
                ],
                "rotation_matrix": [
                    [
                        0.9998814322659104,
                        -0.0007904160390410449,
                        -0.01537844765757219
                    ],
                    [
                        0.0006854737757284383,
                        0.9999764536001058,
                        -0.006828057634356289
                    ],
                    [
                        0.015383482556763585,
                        0.006816706524453673,
                        0.9998584304673263
                    ]
                ],
                "local_coordinate_system": [
                    [
                        -0.018564631572781144,
                        0.9646467228667337,
                        0.2628917163340036
                    ],
                    [
                        0.9975159045586911,
                        0.0,
                        0.07044160810526973
                    ],
                    [
                        0.06795126641221118,
                        0.263546390721769,
                        -0.9622504483399867
                    ]
                ]
            },
            {
                "bar_id": "14",
                "deformed_position": [
                    0.4458089512134825,
                    0.22341137506609407,
                    0.2894470645442188
                ],
                "deformed_quaternion": [
                    0.23460801869180023,
                    0.028144014508233086,
                    0.006389509198587462,
                    0.9716615491955363
                ],
                "relative_displacement": [
                    -0.0007784370039667365,
                    -0.001173094878144626,
                    -0.000538341854554425
                ],
                "rotation_matrix": [
                    [
                        0.9999696915366907,
                        0.004152108258847192,
                        -0.006586046235992581
                    ],
                    [
                        -0.004235973729051462,
                        0.999909469944972,
                        -0.01277139150335814
                    ],
                    [
                        0.006532421800726355,
                        0.012798902740941333,
                        0.9998967524469942
                    ]
                ],
                "local_coordinate_system": [
                    [
                        0.9978576904248655,
                        -3.469446951953614e-18,
                        0.06542193561759924
                    ],
                    [
                        0.02910373835289968,
                        0.8955990898982907,
                        -0.44390904765192535
                    ],
                    [
                        -0.058591825998506444,
                        0.4448620799454066,
                        0.8936804393925198
                    ]
                ]
            },
            {
                "bar_id": "18",
                "deformed_position": [
                    0.3912469082297494,
                    0.15321762217187662,
                    0.2599908327175507
                ],
                "deformed_quaternion": [
                    -0.3285889933490223,
                    -0.1395193982772654,
                    0.6277083308960657,
                    0.691770093512217
                ],
                "relative_displacement": [
                    -0.0008944503246138824,
                    -3.4461043463274166e-09,
                    -0.0007159615443816936
                ],
                "rotation_matrix": [
                    [
                        0.999901835220836,
                        -0.0030877724892639908,
                        -0.013666952222748139
                    ],
                    [
                        0.00312172892149408,
                        0.9999920918987,
                        0.0024639295044500144
                    ],
                    [
                        0.013659236089366172,
                        -0.0025063521533767647,
                        0.9999035670845156
                    ]
                ],
                "local_coordinate_system": [
                    [
                        0.1730155131697889,
                        -0.7853089792204041,
                        -0.5944370777116799
                    ],
                    [
                        0.9601570064622182,
                        0.0,
                        0.2794611295717379
                    ],
                    [
                        -0.21946333439576257,
                        -0.6191040358096587,
                        0.7540199186361636
                    ]
                ]
            },
            {
                "bar_id": "1",
                "deformed_position": [
                    0.37999999970201154,
                    0.16535898447026517,
                    0.1999999999984285
                ],
                "deformed_quaternion": [
                    0.6830127031938243,
                    -0.1830126970345633,
                    0.6830127031938242,
                    0.18301269703456327
                ],
                "relative_displacement": [
                    3.469446951953614e-14,
                    -1.0227929614359255e-13,
                    -1.571520691356909e-12
                ],
                "rotation_matrix": [
                    [
                        1.0,
                        0.0,
                        0.0
                    ],
                    [
                        0.0,
                        1.0,
                        0.0
                    ],
                    [
                        0.0,
                        0.0,
                        1.0
                    ]
                ],
                "local_coordinate_system": [
                    [
                        0.0,
                        -0.4999999876814779,
                        0.8660254108965405
                    ],
                    [
                        0.0,
                        -0.8660254108965406,
                        -0.49999998768147785
                    ],
                    [
                        1.0,
                        0.0,
                        0.0
                    ]
                ]
            }
        ],
        "joint_deformations": [
            {
                "node_id": "0",
                "deformed_position": [
                    0.31999999880790253,
                    0.19999999999999202,
                    0.19999999999932994
                ]
            },
            {
                "node_id": "1",
                "deformed_position": [
                    0.3424938158633783,
                    0.17571727540321486,
                    0.3199816654377127
                ]
            },
            {
                "node_id": "2",
                "deformed_position": [
                    0.44000000059612054,
                    0.13071796894053836,
                    0.1999999999983807
                ]
            },
            {
                "node_id": "6",
                "deformed_position": [
                    0.37313944758861095,
                    0.25069073132395964,
                    0.43063524718579993
                ]
            },
            {
                "node_id": "8",
                "deformed_position": [
                    0.4516179018309879,
                    0.1775407190727184,
                    0.3788941290930723
                ]
            },
            {
                "node_id": "9",
                "deformed_position": [
                    0.4400000005959771,
                    0.26928203105946974,
                    0.19999999999660598
                ]
            }
        ]
    },
    {
        "sequence_index": 5,
        "bar_deformations": [
            {
                "bar_id": "15",
                "deformed_position": [
                    0.3911613973420539,
                    0.22249965192813176,
                    0.2599212384694072
                ],
                "deformed_quaternion": [
                    -0.04761178775334559,
                    -0.4076174167724753,
                    0.7029471565792085,
                    0.5809014152744597
                ],
                "relative_displacement": [
                    -0.000979961212309366,
                    -4.74911437953196e-09,
                    -0.0007855557925252055
                ],
                "rotation_matrix": [
                    [
                        0.9999135272795493,
                        0.005588459402617777,
                        -0.011904078497526808
                    ],
                    [
                        -0.005641989279240331,
                        0.999974102392576,
                        -0.004467941487414561
                    ],
                    [
                        0.011878801300759445,
                        0.0045347178156216125,
                        0.9999191619395988
                    ]
                ],
                "local_coordinate_system": [
                    [
                        -0.32054200858241,
                        -0.785308979220404,
                        -0.5296627491996783
                    ],
                    [
                        0.8555310877710403,
                        -2.7755575615628914e-17,
                        -0.5177514440900196
                    ],
                    [
                        0.4065948580482234,
                        -0.6191040358096587,
                        0.6718562452287974
                    ]
                ]
            },
            {
                "bar_id": "9",
                "deformed_position": [
                    0.40658992857984266,
                    0.2589831311513373,
                    0.3152382129232534
                ],
                "deformed_quaternion": [
                    0.695607690420578,
                    0.7032746056171173,
                    0.12935101764846083,
                    0.06930428814398956
                ],
                "relative_displacement": [
                    -0.0017513726527337292,
                    -0.001815978784423189,
                    -0.0006406671007029296
                ],
                "rotation_matrix": [
                    [
                        0.9998771938124801,
                        -0.0030544706096350387,
                        -0.01537099551021472
                    ],
                    [
                        0.0028253167507476,
                        0.9998848794938257,
                        -0.01490789538720364
                    ],
                    [
                        0.015414761721742908,
                        0.014862636674316516,
                        0.9997707172907943
                    ]
                ],
                "local_coordinate_system": [
                    [
                        -0.018564631572781144,
                        0.9646467228667337,
                        0.2628917163340036
                    ],
                    [
                        0.9975159045586911,
                        0.0,
                        0.07044160810526973
                    ],
                    [
                        0.06795126641221118,
                        0.263546390721769,
                        -0.9622504483399867
                    ]
                ]
            },
            {
                "bar_id": "14",
                "deformed_position": [
                    0.4451711122049783,
                    0.22312861598889777,
                    0.2893406954342403
                ],
                "deformed_quaternion": [
                    0.23607782257477808,
                    0.02506907288619085,
                    0.005617694593364344,
                    0.9713944846355852
                ],
                "relative_displacement": [
                    -0.0014162760124709628,
                    -0.0014558539553409244,
                    -0.0006447109645329463
                ],
                "rotation_matrix": [
                    [
                        0.9999003159927714,
                        0.007093972855312033,
                        -0.012207932940674467
                    ],
                    [
                        -0.007285543284606759,
                        0.9998498895108978,
                        -0.015720028756126613
                    ],
                    [
                        0.01209458294460913,
                        0.015807403144521313,
                        0.9998019039135816
                    ]
                ],
                "local_coordinate_system": [
                    [
                        0.9978576904248655,
                        -3.469446951953614e-18,
                        0.06542193561759924
                    ],
                    [
                        0.02910373835289968,
                        0.8955990898982907,
                        -0.44390904765192535
                    ],
                    [
                        -0.058591825998506444,
                        0.4448620799454066,
                        0.8936804393925198
                    ]
                ]
            },
            {
                "bar_id": "18",
                "deformed_position": [
                    0.3911613973421519,
                    0.1532176208686319,
                    0.25992123847059395
                ],
                "deformed_quaternion": [
                    -0.32906443085836024,
                    -0.13994709972939795,
                    0.6276116887872218,
                    0.6915453547807583
                ],
                "relative_displacement": [
                    -0.0009799612122113888,
                    -4.749349080679366e-09,
                    -0.0007855557913384326
                ],
                "rotation_matrix": [
                    [
                        0.9998820405439574,
                        -0.0033811558997985523,
                        -0.014982415774278841
                    ],
                    [
                        0.0034219982488510096,
                        0.9999904966198953,
                        0.002701221553311259
                    ],
                    [
                        0.01497314013949521,
                        -0.002752172719229319,
                        0.9998841085944343
                    ]
                ],
                "local_coordinate_system": [
                    [
                        0.1730155131697889,
                        -0.7853089792204041,
                        -0.5944370777116799
                    ],
                    [
                        0.9601570064622182,
                        0.0,
                        0.2794611295717379
