[
    {
        "sequence_index": 0,
        "bar_deformations": [
            {
                "bar_id": "15",
                "deformed_position": [
                    0.3883257137801138,
                    0.21876981998375328,
                    0.2540275080309968
                ],
                "deformed_quaternion": [
                    -0.05174049242110235,
                    -0.47795945201950013,
                    0.6768652845428617,
                    0.5574325701373682
                ],
                "deformed_link_quaternion": [
                    [
                        0.013105358371603896,
                        0.008606907617254942,
                        3.656588235646398e-12,
                        0.9998770778066771
                    ],
                    [
                        0.020270665202657877,
                        0.013312702951796413,
                        2.6673472032158924e-12,
                        0.9997058927866531
                    ],
                    [
                        0.028726031078113716,
                        0.018865740994722203,
                        9.182755687364974e-13,
                        0.9994092749995966
                    ],
                    [
                        -0.00741504893149676,
                        -0.004869812727309291,
                        -3.55744807875275e-12,
                        0.9999606502124694
                    ],
                    [
                        -0.003304958278571051,
                        -0.002170522137843691,
                        -2.207380019855821e-12,
                        0.9999921830116604
                    ],
                    [
                        -0.0008269788958123918,
                        -0.0005431160799203602,
                        -1.3664215341232046e-12,
                        0.999999510565295
                    ]
                ],
                "relative_displacement": [
                    -0.0038156447742494493,
                    -0.0037298366934928606,
                    -0.0066792862309356105
                ],
                "rotation_matrix": [
                    [
                        0.992719930834943,
                        -0.007116350745202075,
                        -0.12023517153951666
                    ],
                    [
                        -0.007116352229609672,
                        0.9930436844287991,
                        -0.11753126540210293
                    ],
                    [
                        0.12023517145165913,
                        0.1175312654919817,
                        0.9857636152637422
                    ]
                ],
                "local_coordinate_system": [
                    [
                        -0.32054200858240944,
                        -0.7853089792204045,
                        -0.5296627491996778
                    ],
                    [
                        0.8555310877710403,
                        2.775557561562892e-17,
                        -0.5177514440900194
                    ],
                    [
                        0.4065948580482235,
                        -0.619104035809658,
                        0.671856245228798
                    ]
                ]
            }
        ],
        "joint_deformations": [
            {
                "node_id": "1",
                "deformed_position": [
                    0.33315781100781744,
                    0.16484255911403717,
                    0.30105962608279946
                ]
            },
            {
                "node_id": "9",
                "deformed_position": [
                    0.4400000005960465,
                    0.2692820310592652,
                    0.19999999999893972
                ]
            }
        ]
    },
    {
        "sequence_index": 1,
        "bar_deformations": [
            {
                "bar_id": "15",
                "deformed_position": [
                    0.38781480477913494,
                    0.21863838398225752,
                    0.2534072899855012
                ],
                "deformed_quaternion": [
                    -0.05349264074287477,
                    -0.4817173862153986,
                    0.6748177955616392,
                    0.5565140070092467
                ],
                "deformed_link_quaternion": [
                    [
                        0.013180680362032798,
                        0.008651054067255654,
                        -4.58837969893055e-05,
                        0.9998757056871602
                    ],
                    [
                        0.02039126408195197,
                        0.013380934112262469,
                        -7.064279520092669e-05,
                        0.9997025267353379
                    ],
                    [
                        0.028905422585096777,
                        0.018962289098226868,
                        -9.966221169717598e-05,
                        0.9994022704620877
                    ],
                    [
                        -0.007456752825313849,
                        -0.004894803932808752,
                        2.605106343418701e-05,
                        0.9999602177352376
                    ],
                    [
                        -0.003323340182525239,
                        -0.0021816670172171513,
                        1.1634125279988317e-05,
                        0.9999920977706296
                    ],
                    [
                        -0.0008315611882097958,
                        -0.0005459066695170965,
                        2.913378369788385e-06,
                        0.999999505241583
                    ]
                ],
                "relative_displacement": [
                    -0.004326553775228337,
                    -0.003861272694988621,
                    -0.007299504276431168
                ],
                "rotation_matrix": [
                    [
                        0.9917511123313143,
                        -0.005726040370826894,
                        -0.128050551155676
                    ],
                    [
                        -0.010043107824623896,
                        0.9924591553846781,
                        -0.12216366431289744
                    ],
                    [
                        0.1277844559202085,
                        0.1224419754610443,
                        0.9842149640552988
                    ]
                ],
                "local_coordinate_system": [
                    [
                        -0.32054200858240944,
                        -0.7853089792204045,
                        -0.5296627491996778
                    ],
                    [
                        0.8555310877710403,
                        2.775557561562892e-17,
                        -0.5177514440900194
                    ],
                    [
                        0.4065948580482235,
                        -0.619104035809658,
                        0.671856245228798
                    ]
                ]
            },
            {
                "bar_id": "9",
                "deformed_position": [
                    0.395120663246984,
                    0.2564520638997963,
                    0.3106872073291982
                ],
                "deformed_quaternion": [
                    0.6816778665188058,
                    0.6889273067847248,
                    0.2147121269887679,
                    0.12080213072903159
                ],
                "deformed_link_quaternion": [
                    [
                        -0.011941448070194191,
                        0.003264419989306682,
                        5.8835767092102615e-05,
                        0.9999233680230065
                    ],
                    [
                        -0.005367305396159767,
                        0.0014668406342951592,
                        2.654488157970517e-05,
                        0.9999845197335343
                    ],
                    [
                        -0.0013465879956067444,
                        0.0003679720520381574,
                        6.669761155292942e-06,
                        0.999999025625952
                    ],
                    [
                        0.02074531916394138,
                        -0.005674104937801443,
                        -0.00010156662775043956,
                        0.9997686862220486
                    ],
                    [
                        0.031154976862107726,
                        -0.008528139536802619,
                        -0.00015134039987572398,
                        0.9994781715219426
                    ],
                    [
                        0.042165600239695046,
                        -0.011554402464195495,
                        -0.00020347654567937009,
                        0.9990438011105504
                    ]
                ],
                "relative_displacement": [
                    -0.013220637985592365,
                    -0.004347046035964197,
                    -0.00519167269475812
                ],
                "rotation_matrix": [
                    [
                        0.9774890911715622,
                        -0.008996160555100063,
                        -0.2107940837306873
                    ],
                    [
                        -0.00473216449068601,
                        0.9979044230465767,
                        -0.0645319229785679
                    ],
                    [
                        0.21093288804694788,
                        0.06407676302175065,
                        0.9753981162483492
                    ]
                ],
                "local_coordinate_system": [
                    [
                        -0.018564631572780953,
                        0.9646467228667339,
                        0.2628917163340024
                    ],
                    [
                        0.9975159045586911,
                        0.0,
                        0.07044160810526932
                    ],
                    [
                        0.06795126641221082,
                        0.26354639072176783,
                        -0.962250448339987
                    ]
                ]
            }
        ],
        "joint_deformations": [
            {
                "node_id": "1",
                "deformed_position": [
                    0.33216057771134383,
                    0.16460309141822355,
                    0.299737126160141
                ]
            },
            {
                "node_id": "6",
                "deformed_position": [
                    0.3369632180849562,
                    0.23984638604171082,
                    0.41481076437720193
                ]
            },
            {
                "node_id": "9",
                "deformed_position": [
                    0.4400000005960465,
                    0.2692820310592652,
                    0.19999999999752657
                ]
            }
        ]
    },
    {
        "sequence_index": 2,
        "bar_deformations": [
            {
                "bar_id": "15",
                "deformed_position": [
                    0.3878927840294304,
                    0.21812317107825555,
                    0.25298903848343496
                ],
                "deformed_quaternion": [
                    -0.05163153186498655,
                    -0.4845627151460276,
                    0.6742974712253427,
                    0.5548477992266824
                ],
                "deformed_link_quaternion": [
                    [
                        0.013223261532994433,
                        0.008691626815643097,
                        2.758100759505691e-05,
                        0.9998747922700201
                    ],
                    [
                        0.020457202294871666,
                        0.013447773031400947,
                        4.2505392824678385e-05,
                        0.9997002843192825
                    ],
                    [
                        0.028998993208456978,
                        0.019065500274540646,
                        6.002328753199564e-05,
                        0.9993975993013904
                    ],
                    [
                        -0.0074808301868168,
                        -0.004916847967985382,
                        -1.56480777727414e-05,
                        0.9999599299676529
                    ],
                    [
                        -0.003334071386402528,
                        -0.0021912840608998957,
                        -6.985389009564791e-06,
                        0.9999920410650073
                    ],
                    [
                        -0.0008342476644832987,
                        -0.0005482944398193717,
                        -1.748980822684223e-06,
                        0.9999995017003672
                    ]
                ],
                "relative_displacement": [
                    -0.00424857452493288,
                    -0.004376485598990593,
                    -0.007717755778497426
                ],
                "rotation_matrix": [
                    [
                        0.9914848671424721,
                        -0.009753961725742756,
                        -0.12985614524591163
                    ],
                    [
                        -0.007111244921859824,
                        0.9916473823815846,
                        -0.12878237150873106
                    ],
                    [
                        0.13002764484191767,
                        0.128609211359079,
                        0.9831340103619953
                    ]
                ],
                "local_coordinate_system": [
                    [
                        -0.32054200858240944,
                        -0.7853089792204045,
                        -0.5296627491996778
                    ],
                    [
                        0.8555310877710403,
                        2.775557561562892e-17,
                        -0.5177514440900194
                    ],
                    [
                        0.4065948580482235,
                        -0.619104035809658,
                        0.671856245228798
                    ]
                ]
            },
            {
                "bar_id": "9",
                "deformed_position": [
                    0.39528173955991674,
                    0.25512974222971974,
                    0.3105881771233735
                ],
                "deformed_quaternion": [
                    0.6808063363082402,
                    0.6893519025458404,
                    0.21893494342830877,
                    0.11560353560780272
                ],
                "deformed_link_quaternion": [
                    [
                        -0.011911325006631853,
                        0.0035692824681513094,
                        0.0001590575301033977,
                        0.99992267464037
                    ],
                    [
                        -0.005353880727884659,
                        0.0016031393865222282,
                        7.177581816684284e-05,
                        0.9999843802547572
                    ],
                    [
                        -0.001343232392791293,
                        0.00040209860139561157,
                        1.803609805306015e-05,
                        0.9999990168585932
                    ],
                    [
                        0.02069218441114661,
                        -0.006208977680648774,
                        -0.0002744867975570725,
                        0.9997665761353769
                    ],
                    [
                        0.031073342434972624,
                        -0.009343489192682066,
                        -0.0004088341853507821,
                        0.9994733510475575
                    ],
                    [
                        0.04205184069499565,
                        -0.012679550365718871,
                        -0.0005494809940758473,
                        0.9990348190965734
                    ]
                ],
                "relative_displacement": [
                    -0.013059561672659648,
                    -0.005669367706040762,
                    -0.005290702900582811
                ],
                "rotation_matrix": [
                    [
                        0.9777457062827914,
                        -0.013935989041291808,
                        -0.20933017473600457
                    ],
                    [
                        -0.0024445787877848627,
                        0.9969667326059962,
                        -0.07779047571183961
                    ],
                    [
                        0.2097793075594338,
                        0.0765710277217499,
                        0.9747458744890996
                    ]
                ],
                "local_coordinate_system": [
                    [
                        -0.018564631572780953,
                        0.9646467228667339,
                        0.2628917163340024
                    ],
                    [
                        0.9975159045586911,
                        0.0,
                        0.07044160810526932
                    ],
                    [
                        0.06795126641221082,
                        0.26354639072176783,
                        -0.962250448339987
                    ]
                ]
            },
            {
                "bar_id": "14",
                "deformed_position": [
                    0.4460592320292567,
                    0.21609017485945645,
                    0.2851195121135931
                ],
                "deformed_quaternion": [
                    0.30956651768534416,
                    0.033793199842254276,
                    0.005096232223943193,
                    0.9502634472553969
                ],
                "deformed_link_quaternion": [
                    [
                        -0.01526872143438981,
                        -0.0016487540367741847,
                        -0.00023619158723818418,
                        0.9998820390273142
                    ],
                    [
                        -0.023363870254344554,
                        -0.00251079307074129,
                        -0.00035973196207456456,
                        0.9997238098984187
                    ],
                    [
                        -0.03257099273605728,
                        -0.00347648060117405,
                        -0.0004993125237579928,
                        0.9994632535525361
                    ],
                    [
                        0.008694397495427606,
                        0.0009416721386619329,
                        0.00013497581264173403,
                        0.9999617505121408
                    ],
                    [
                        0.0038873816724432787,
                        0.00042169929061680047,
                        6.047479066563131e-05,
                        0.9999923533588848
                    ],
                    [
                        0.0009736831142911155,
                        0.00010568699971231477,
                        1.5159628970092885e-05,
                        0.9999995202707033
                    ]
                ],
                "relative_displacement": [
                    -0.0005281561881925745,
                    -0.00849429508478225,
                    -0.004865894285180139
                ],
                "rotation_matrix": [
                    [
                        0.9999349293613662,
                        0.00918891623025003,
                        0.006760241237805812
                    ],
                    [
                        -0.007925333774052926,
                        0.9858066218404425,
                        -0.16769762496858678
                    ],
                    [
                        -0.008205250005316028,
                        0.16763313560882995,
                        0.9858153000021364
                    ]
                ],
                "local_coordinate_system": [
                    [
                        0.9978576904248655,
                        0.0,
                        0.06542193561759922
                    ],
                    [
                        0.029103738352899686,
                        0.8955990898982906,
                        -0.44390904765192557
                    ],
                    [
                        -0.05859182599850643,
                        0.44486207994540683,
                        0.8936804393925197
                    ]
                ]
            }
        ],
        "joint_deformations": [
            {
                "node_id": "1",
                "deformed_position": [
                    0.3323340873778905,
                    0.1635884730652535,
                    0.29884590795352156
                ]
            },
            {
                "node_id": "6",
                "deformed_position": [
                    0.3373401914422724,
                    0.23684961552646785,
                    0.4145513649680911
                ]
            },
            {
                "node_id": "8",
                "deformed_position": [
                    0.45303888958906946,
                    0.1552857757812566,
                    0.36506897043523096
                ]
            },
            {
                "node_id": "9",
                "deformed_position": [
                    0.4400000005960465,
                    0.2692820310592652,
                    0.199999999996345
                ]
            }
        ]
    },
    {
        "sequence_index": 3,
        "bar_deformations": [
            {
                "bar_id": "15",
                "deformed_position": [
                    0.38793411362775054,
                    0.2220167142477844,
                    0.2566765214173362
                ],
                "deformed_quaternion": [
                    -0.07281886246658185,
                    -0.43920315285461176,
                    0.6840735372986437,
                    0.5777900997415606
                ],
                "deformed_link_quaternion": [
                    [
                        0.0074731711877698784,
                        -0.0022932800473133047,
                        0.00025317632921905727,
                        0.9999694137726259
                    ],
                    [
                        0.013003494254255028,
                        -0.0015621200521978604,
                        0.00022541908095953268,
                        0.9999142053718209
                    ],
                    [
                        0.019906335775962757,
                        5.03717517841881e-05,
                        0.00019264656892612657,
                        0.9998018294371944
                    ],
                    [
                        -0.0034236478266496564,
                        0.002114689062254873,
                        -0.00022630329616608365,
                        0.999991877723288
                    ],
                    [
                        -0.000902820862214269,
                        0.0010097130635513272,
                        -0.00010967480031666845,
                        0.9999990766823028
                    ],
                    [
                        8.320261178180338e-05,
                        -0.001037372452728629,
                        0.00011627490456705404,
                        0.9999994517077828
                    ]
                ],
                "relative_displacement": [
                    -0.00420724492661273,
                    -0.00048294242946173016,
                    -0.004030272844596172
                ],
                "rotation_matrix": [
                    [
                        0.99526924067003,
                        0.03912404051707676,
                        -0.0889294553549034
                    ],
                    [
                        -0.04219060755539759,
                        0.9985687865036904,
                        -0.0328683929429696
                    ],
                    [
                        0.08751623398094807,
                        0.03646488823738751,
                        0.9954954649397588
                    ]
                ],
                "local_coordinate_system": [
                    [
                        -0.32054200858240944,
                        -0.7853089792204045,
                        -0.5296627491996778
                    ],
                    [
                        0.8555310877710403,
                        2.775557561562892e-17,
                        -0.5177514440900194
                    ],
                    [
                        0.4065948580482235,
                        -0.619104035809658,
                        0.671856245228798
                    ]
                ]
            },
            {
                "bar_id": "9",
                "deformed_position": [
                    0.395458471317994,
                    0.2560473461589868,
                    0.3107787820587131
                ],
                "deformed_quaternion": [
                    0.6816474730856733,
                    0.6893623604896935,
                    0.2148802249266386,
                    0.11816406946052391
                ],
                "deformed_link_quaternion": [
                    [
                        -0.011863466570432574,
                        0.0033475728982789252,
                        9.637799567314964e-05,
                        0.9999240184273528
                    ],
                    [
                        -0.005332422550501175,
                        0.0015039528273445108,
                        4.349241533083739e-05,
                        0.9999846506342215
                    ],
                    [
                        -0.0013378510197204732,
                        0.00037725808537463916,
                        1.092889723214026e-05,
                        0.999999033855306
                    ],
                    [
                        0.020608610099553493,
                        -0.005820467925818879,
                        -0.0001663077735862178,
                        0.9997706635447019
                    ],
                    [
                        0.03094678298538619,
                        -0.008752387607951922,
                        -0.0002476728503523655,
                        0.999482681686969
                    ],
                    [
                        0.04187855564937571,
                        -0.011866039364266263,
                        -0.00033281879608170015,
                        0.9990521872846166
                    ]
                ],
                "relative_displacement": [
                    -0.012882829914582394,
                    -0.004751763776773721,
                    -0.005100097965243189
                ],
                "rotation_matrix": [
                    [
                        0.9782285214753883,
                        -0.010570089665219606,
                        -0.20726126742965023
                    ],
                    [
                        -0.0037240322383965117,
                        0.9976472197936664,
                        -0.06845550687749817
                    ],
                    [
                        0.20749720806787536,
                        0.06773697692130225,
                        0.9758876014181141
                    ]
                ],
                "local_coordinate_system": [
                    [
                        -0.018564631572780953,
                        0.9646467228667339,
                        0.2628917163340024
                    ],
                    [
                        0.9975159045586911,
                        0.0,
                        0.07044160810526932
                    ],
                    [
                        0.06795126641221082,
                        0.26354639072176783,
                        -0.962250448339987
                    ]
                ]
            },
            {
                "bar_id": "14",
                "deformed_position": [
                    0.4461240330182423,
                    0.21662793848226647,
                    0.28545158291086864
                ],
                "deformed_quaternion": [
                    0.30625267339191,
                    0.03406028029693566,
                    0.005275592801614257,
                    0.9513261088958896
                ],
                "deformed_link_quaternion": [
                    [
                        -0.01512598493892621,
                        -0.001645960772518973,
                        -0.00021547570083279644,
                        0.9998842177787312
                    ],
                    [
                        -0.023142958172823518,
                        -0.002507447858236542,
                        -0.0003282386090203025,
                        0.9997289674965234
                    ],
                    [
                        -0.032258096491029516,
                        -0.0034737228392038373,
                        -0.00045569651238914626,
                        0.9994734317634965
                    ],
                    [
                        0.008613698139302461,
                        0.0009398703257632391,
                        0.00012312286808060924,
                        0.9999624521395266
                    ],
                    [
                        0.003851431015678107,
                        0.0004208448098342295,
                        5.5160717075498386e-05,
                        0.9999924931348599
                    ],
                    [
                        0.0009646890267546298,
                        0.00010546838740479343,
                        1.3827195325022834e-05,
                        0.999999529030044
                    ]
                ],
                "relative_displacement": [
                    -0.00046335519920692736,
                    -0.007956531461972227,
                    -0.004533823487904598
                ],
                "rotation_matrix": [
                    [
                        0.9999379708019702,
                        0.008527107739028875,
                        0.007165401736473535
                    ],
                    [
                        -0.007263823518480422,
                        0.9869536699571135,
                        -0.16084057394226584
                    ],
                    [
                        -0.00844342444334257,
                        0.1607785489168008,
                        0.9869543894182129
                    ]
                ],
                "local_coordinate_system": [
                    [
                        0.9978576904248655,
                        0.0,
                        0.06542193561759922
                    ],
                    [
                        0.029103738352899686,
                        0.8955990898982906,
                        -0.44390904765192557
                    ],
                    [
                        -0.05859182599850643,
                        0.44486207994540683,
                        0.8936804393925197
                    ]
                ]
            },
            {
                "bar_id": "18",
                "deformed_position": [
                    0.38798736137740386,
                    0.1531670139943434,
                    0.2571274770787348
                ],
                "deformed_quaternion": [
                    -0.3644443594356395,
                    -0.1723842499958708,
                    0.6195339378811904,
                    0.6735292711102709
                ],
                "deformed_link_quaternion": [
                    [
                        0.010537124594512457,
                        0.00011397247896272507,
                        -1.213991052206246e-05,
                        0.9999444763926527
                    ],
                    [
                        0.01695253828108242,
                        0.00018137451591995402,
                        -1.933494637602499e-05,
                        0.9998562787597393
                    ],
                    [
                        0.024206572452249435,
                        -5.954618490083613e-05,
                        -7.056187030700972e-06,
                        0.9997069761958132
                    ],
                    [
                        -0.005116532495674977,
                        0.00027036700584023046,
                        -3.318529235786926e-05,
                        0.9999868733616654
                    ],
                    [
                        -0.0007876386822856809,
                        0.0009781041544670462,
                        -0.00012720571514720816,
                        0.9999992033778203
                    ],
                    [
                        0.002399197716905906,
                        0.002016643114746109,
                        -0.0002719002090113258,
                        0.999995051523326
                    ]
                ],
                "relative_displacement": [
                    -0.004153997176959412,
                    -5.061162363756422e-05,
                    -0.0035793171831975945
                ],
                "rotation_matrix": [
                    [
                        0.9930894504518705,
                        -0.025057781806216088,
                        -0.1146536129921511
                    ],
                    [
                        0.027410775773334166,
                        0.9994438210526974,
                        0.018992049154522215
                    ],
                    [
                        0.11411394644260572,
                        -0.022003548135149865,
                        0.9932239682452082
                    ]
                ],
                "local_coordinate_system": [
                    [
                        0.17301551316978883,
                        -0.7853089792204047,
                        -0.5944370777116791
                    ],
                    [
                        0.9601570064622181,
                        0.0,
                        0.2794611295717382
                    ],
                    [
                        -0.2194633343957629,
                        -0.6191040358096579,
                        0.7540199186361639
                    ]
                ]
            }
        ],
        "joint_deformations": [
            {
                "node_id": "1",
                "deformed_position": [
                    0.332502758128554,
                    0.17568504895984327,
                    0.3109443515111145
                ]
            },
            {
                "node_id": "2",
                "deformed_position": [
                    0.44000000059605954,
                    0.13071796894055246,
                    0.19999999999888732
                ]
            },
            {
                "node_id": "6",
                "deformed_position": [
                    0.33771541673826855,
                    0.23893603296448399,
                    0.4150510938610221
                ]
            },
            {
                "node_id": "8",
                "deformed_position": [
                    0.45317003301535275,
                    0.1564002302693555,
                    0.3658306768965972
                ]
            },
            {
                "node_id": "9",
                "deformed_position": [
                    0.44000000059603345,
                    0.2692820310594476,
                    0.19999999999651294
                ]
            }
        ]
    },
    {
        "sequence_index": 4,
        "bar_deformations": [
            {
                "bar_id": "15",
                "deformed_position": [
                    0.3880078175077207,
                    0.22200930329347,
                    0.2567406299958883
                ],
                "deformed_quaternion": [
                    -0.0722412148254321,
                    -0.4385396347541822,
                    0.6845043991519841,
                    0.577856317064887
                ],
                "deformed_link_quaternion": [
                    [
                        0.007285099515971478,
                        -0.00231020240108545,
                        0.00025016339829471033,
                        0.9999707634267027
                    ],
                    [
                        0.012711775979603398,
                        -0.001561139958208167,
                        0.0002216537894183451,
                        0.9999179588661626
                    ],
                    [
                        0.01951448411175494,
                        7.09142401344624e-05,
                        0.00018871465844810074,
                        0.9998095539990606
                    ],
                    [
                        -0.0033396014558464836,
                        0.0021477275564935347,
                        -0.0002253874598454143,
                        0.9999920917332058
                    ],
                    [
                        -0.0009211833830487686,
                        0.0010570752267981744,
                        -0.00011255820817849354,
                        0.9999990106714054
                    ],
                    [
                        -3.500303414242155e-05,
                        -0.0009773819644543433,
                        0.0001079655182227286,
                        0.9999995159212478
                    ]
                ],
                "relative_displacement": [
                    -0.004133541046642597,
                    -0.0004903533837761487,
                    -0.00396616426604407
                ],
                "rotation_matrix": [
                    [
                        0.9954488709888897,
                        0.038367734736397256,
                        -0.08723223130324077
                    ],
                    [
                        -0.041323522084648324,
                        0.9986224893573448,
                        -0.032334042003113746
                    ],
                    [
                        0.08587148402970703,
                        0.03579162864325954,
                        0.995663119508601
                    ]
                ],
                "local_coordinate_system": [
                    [
                        -0.32054200858240944,
                        -0.7853089792204045,
                        -0.5296627491996778
                    ],
                    [
                        0.8555310877710403,
                        2.775557561562892e-17,
                        -0.5177514440900194
                    ],
                    [
                        0.4065948580482235,
                        -0.619104035809658,
                        0.671856245228798
                    ]
                ]
            },
            {
                "bar_id": "9",
                "deformed_position": [
