[
    {
        "sequence_index": 0,
        "bar_deformations": [
            {
                "bar_id": "15",
                "deformed_position": [
                    0.3888299714514937,
                    0.21926273760520465,
                    0.25517293819929215
                ],
                "deformed_quaternion": [
                    -0.04748823389874252,
                    -0.4386786710558832,
                    0.6927141365016609,
                    0.5704848957620006
                ],
                "relative_displacement": [
                    -0.003311387102869545,
                    -0.0032369190720414887,
                    -0.00553385606264023
                ],
                "rotation_matrix": [
                    [
                        0.9983694195213136,
                        -0.001593911219789632,
                        -0.057061034092442925
                    ],
                    [
                        -0.0015939112157483091,
                        0.9984419334075579,
                        -0.055777818713303465
                    ],
                    [
                        0.05706103409255581,
                        0.055777818713187974,
                        0.9968113529288715
                    ]
                ],
                "local_coordinate_system": [
                    [
                        -0.32054200858241,
                        -0.785308979220404,
                        -0.5296627491996783
                    ],
                    [
                        0.8555310877710403,
                        -2.7755575615628914e-17,
                        -0.5177514440900196
                    ],
                    [
                        0.4065948580482234,
                        -0.6191040358096587,
                        0.6718562452287974
                    ]
                ]
            }
        ],
        "joint_deformations": [
            {
                "node_id": "1",
                "deformed_position": [
                    0.33765994230694096,
                    0.16924344415114415,
                    0.31034587640081096
                ]
            },
            {
                "node_id": "9",
                "deformed_position": [
                    0.4400000005960465,
                    0.2692820310592652,
                    0.19999999999888668
                ]
            }
        ]
    },
    {
        "sequence_index": 1,
        "bar_deformations": [
            {
                "bar_id": "15",
                "deformed_position": [
                    0.3869997182037889,
                    0.21869368627489494,
                    0.25287857942258785
                ],
                "deformed_quaternion": [
                    -0.05340512423524084,
                    -0.452258890174418,
                    0.685985139288103,
                    0.5674805526531322
                ],
                "relative_displacement": [
                    -0.00514164035057435,
                    -0.0038059704023511998,
                    -0.007828214839344538
                ],
                "rotation_matrix": [
                    [
                        0.9964252060238441,
                        0.004065194564222132,
                        -0.08438176931953316
                    ],
                    [
                        -0.010238340633306888,
                        0.9972900522676728,
                        -0.07285415588021675
                    ],
                    [
                        0.08385693281665067,
                        0.07345764658017274,
                        0.9937665666430352
                    ]
                ],
                "local_coordinate_system": [
                    [
                        -0.32054200858241,
                        -0.785308979220404,
                        -0.5296627491996783
                    ],
                    [
                        0.8555310877710403,
                        -2.7755575615628914e-17,
                        -0.5177514440900196
                    ],
                    [
                        0.4065948580482234,
                        -0.6191040358096587,
                        0.6718562452287974
                    ]
                ]
            },
            {
                "bar_id": "9",
                "deformed_position": [
                    0.39781693819372826,
                    0.25519827791103583,
                    0.3119123942384382
                ],
                "deformed_quaternion": [
                    0.6901146094000525,
                    0.6988550301548134,
                    0.16765993700022508,
                    0.08505068045000155
                ],
                "relative_displacement": [
                    -0.010524363038848128,
                    -0.005600832024724667,
                    -0.003966485785518115
                ],
                "rotation_matrix": [
                    [
                        0.9956681773945341,
                        -0.008259737035167731,
                        -0.09261024386079718
                    ],
                    [
                        0.003881598047391788,
                        0.9988705468527865,
                        -0.04735571588112317
                    ],
                    [
                        0.0928967906896946,
                        0.046791103578832746,
                        0.9945756778171433
                    ]
                ],
                "local_coordinate_system": [
                    [
                        -0.018564631572781144,
                        0.9646467228667337,
                        0.2628917163340036
                    ],
                    [
                        0.9975159045586911,
                        0.0,
                        0.07044160810526973
                    ],
                    [
                        0.06795126641221118,
                        0.263546390721769,
                        -0.9622504483399867
                    ]
                ]
            }
        ],
        "joint_deformations": [
            {
                "node_id": "1",
                "deformed_position": [
                    0.33399943581153135,
                    0.16810534149052472,
                    0.3057571588488861
                ]
            },
            {
                "node_id": "6",
                "deformed_position": [
                    0.35563387579141004,
                    0.24111452476280648,
                    0.4238247884809573
                ]
            },
            {
                "node_id": "9",
                "deformed_position": [
                    0.4400000005960465,
                    0.2692820310592652,
                    0.1999999999974029
                ]
            }
        ]
    },
    {
        "sequence_index": 2,
        "bar_deformations": [
            {
                "bar_id": "15",
                "deformed_position": [
                    0.38715165305767696,
                    0.21654174699794637,
                    0.25089075883516243
                ],
                "deformed_quaternion": [
                    -0.04639784031015993,
                    -0.4650132135784832,
                    0.6835488030030451,
                    0.5606879573569142
                ],
                "relative_displacement": [
                    -0.004989705496686314,
                    -0.0059579096792997666,
                    -0.009816035426769953
                ],
                "rotation_matrix": [
                    [
                        0.9954796909859048,
                        -0.011114229507671807,
                        -0.09432210100002116
                    ],
                    [
                        0.0015523428706830942,
                        0.9949005988158024,
                        -0.10084834509088204
                    ],
                    [
                        0.0949619664192946,
                        0.10024605916647593,
                        0.9904205937657861
                    ]
                ],
                "local_coordinate_system": [
                    [
                        -0.32054200858241,
                        -0.785308979220404,
                        -0.5296627491996783
                    ],
                    [
                        0.8555310877710403,
                        -2.7755575615628914e-17,
                        -0.5177514440900196
                    ],
                    [
                        0.4065948580482234,
                        -0.6191040358096587,
                        0.6718562452287974
                    ]
                ]
            },
            {
                "bar_id": "9",
                "deformed_position": [
                    0.3979806428369649,
                    0.250430758819095,
                    0.3112706158675964
                ],
                "deformed_quaternion": [
                    0.6872658773784903,
                    0.6997553133652564,
                    0.181573457901788,
                    0.07098728473362916
                ],
                "relative_displacement": [
                    -0.01036065839561151,
                    -0.010368351116665508,
                    -0.004608264156359898
                ],
                "rotation_matrix": [
                    [
                        0.9955342420356119,
                        -0.020561521486672334,
                        -0.0921346664873368
                    ],
                    [
                        0.012586653834763895,
                        0.9961882917685831,
                        -0.08631606738282235
                    ],
                    [
                        0.09355826569482513,
                        0.08477093356419532,
                        0.9919983567238563
                    ]
                ],
                "local_coordinate_system": [
                    [
                        -0.018564631572781144,
                        0.9646467228667337,
                        0.2628917163340036
                    ],
                    [
                        0.9975159045586911,
                        0.0,
                        0.07044160810526973
                    ],
                    [
                        0.06795126641221118,
                        0.263546390721769,
                        -0.9622504483399867
                    ]
                ]
            },
            {
                "bar_id": "14",
                "deformed_position": [
                    0.441450211665413,
                    0.21487201452727678,
                    0.28471177821377247
                ],
                "deformed_quaternion": [
                    0.2815853725066484,
                    0.007528767798683552,
                    -8.023993960532307e-05,
                    0.9595066384383579
                ],
                "relative_displacement": [
                    -0.005137176552036271,
                    -0.009712455416961918,
                    -0.005273628185000767
                ],
                "rotation_matrix": [
                    [
                        0.9986868028031487,
                        0.02664221634751774,
                        -0.04375913864459761
                    ],
                    [
                        -0.031274626398268016,
                        0.993567238940193,
                        -0.10883951234919366
                    ],
                    [
                        0.040577920726348395,
                        0.11006513531928981,
                        0.9930957145898238
                    ]
                ],
                "local_coordinate_system": [
                    [
                        0.9978576904248655,
                        -3.469446951953614e-18,
                        0.06542193561759924
                    ],
                    [
                        0.02910373835289968,
                        0.8955990898982907,
                        -0.44390904765192535
                    ],
                    [
                        -0.058591825998506444,
                        0.4448620799454066,
                        0.8936804393925198
                    ]
                ]
            }
        ],
        "joint_deformations": [
            {
                "node_id": "1",
                "deformed_position": [
                    0.33430330551930737,
                    0.16380146293662756,
                    0.3017815176752759
                ]
            },
            {
                "node_id": "6",
                "deformed_position": [
                    0.3559612850778833,
                    0.2315794865789248,
                    0.4225412317405144
                ]
            },
            {
                "node_id": "8",
                "deformed_position": [
                    0.4429004227347795,
                    0.16046199799528837,
                    0.36942355643262337
                ]
            },
            {
                "node_id": "9",
                "deformed_position": [
                    0.4400000005960465,
                    0.2692820310592652,
                    0.19999999999616225
                ]
            }
        ]
    },
    {
        "sequence_index": 3,
        "bar_deformations": [
            {
                "bar_id": "15",
                "deformed_position": [
                    0.38767959238878014,
                    0.22249965339061756,
                    0.25690640494717387
                ],
                "deformed_quaternion": [
                    -0.0619684093222246,
                    -0.4257483859977128,
                    0.69236014868644,
                    0.5792543936624965
                ],
                "relative_displacement": [
                    -0.0044617661655831364,
                    -3.2866285804011852e-09,
                    -0.003800389314758512
                ],
                "rotation_matrix": [
                    [
                        0.9981336825344984,
                        0.02496181277697057,
                        -0.05573203471082501
                    ],
                    [
                        -0.026170667034006966,
                        0.9994354809721061,
                        -0.021066930508501207
                    ],
                    [
                        0.05517470414162885,
                        0.0224861574516934,
                        0.9982234843690773
                    ]
                ],
                "local_coordinate_system": [
                    [
                        -0.32054200858241,
                        -0.785308979220404,
                        -0.5296627491996783
                    ],
                    [
                        0.8555310877710403,
                        -2.7755575615628914e-17,
                        -0.5177514440900196
                    ],
                    [
                        0.4065948580482234,
                        -0.6191040358096587,
                        0.6718562452287974
                    ]
                ]
            },
            {
                "bar_id": "9",
                "deformed_position": [
                    0.3995109312479326,
                    0.25699767406600615,
                    0.3127469585757339
                ],
                "deformed_quaternion": [
                    0.691883205889307,
                    0.699585048525784,
                    0.15699864528259652,
                    0.08502831685351038
                ],
                "relative_displacement": [
                    -0.008830369984643816,
                    -0.0038014358697543438,
                    -0.0031319214482223856
                ],
                "rotation_matrix": [
                    [
                        0.9969947359920378,
                        -0.004381963939033255,
                        -0.07734529588930295
                    ],
                    [
                        0.0018848573712936057,
                        0.9994755137272671,
                        -0.032328698895958685
                    ],
                    [
                        0.0774463925361065,
                        0.03208575776965057,
                        0.9964800853160541
                    ]
                ],
                "local_coordinate_system": [
                    [
                        -0.018564631572781144,
                        0.9646467228667337,
                        0.2628917163340036
                    ],
                    [
                        0.9975159045586911,
                        0.0,
                        0.07044160810526973
                    ],
                    [
                        0.06795126641221118,
                        0.263546390721769,
                        -0.9622504483399867
                    ]
                ]
            },
            {
                "bar_id": "14",
                "deformed_position": [
                    0.4422569460042367,
                    0.21944890160373973,
                    0.2874654432615401
                ],
                "deformed_quaternion": [
                    0.25602484461968367,
                    0.011154258229410524,
                    0.0016621474982157752,
                    0.9666044168772004
                ],
                "relative_displacement": [
                    -0.004330442213212549,
                    -0.005135568340498969,
                    -0.0025199631372331277
                ],
                "rotation_matrix": [
                    [
                        0.9990702822676029,
                        0.021383722166516548,
                        -0.03743404220809733
                    ],
                    [
                        -0.02347243492919349,
                        0.9981392339939545,
                        -0.05627712111023947
                    ],
                    [
                        0.03616097189273487,
                        0.05710346739268127,
                        0.9977131742758065
                    ]
                ],
                "local_coordinate_system": [
                    [
                        0.9978576904248655,
                        -3.469446951953614e-18,
                        0.06542193561759924
                    ],
                    [
                        0.02910373835289968,
                        0.8955990898982907,
                        -0.44390904765192535
                    ],
                    [
                        -0.058591825998506444,
                        0.4448620799454066,
                        0.8936804393925198
                    ]
                ]
            },
            {
                "bar_id": "18",
                "deformed_position": [
                    0.387679592388872,
                    0.15321762233113068,
                    0.2569064049482327
                ],
                "deformed_quaternion": [
                    -0.34893967054085495,
                    -0.1575844168566042,
                    0.6232328489877544,
                    0.6819010733452546
                ],
                "relative_displacement": [
                    -0.0044617661654912655,
                    -3.286850291939203e-09,
                    -0.0038003893136996925
                ],
                "rotation_matrix": [
                    [
                        0.997437453117331,
                        -0.015025957478858713,
                        -0.06994817882301065
                    ],
                    [
                        0.01594855152942147,
                        0.9997927901824117,
                        0.012649917129438575
                    ],
                    [
                        0.06974360775673806,
                        -0.013733073258080482,
                        0.9974704165417452
                    ]
                ],
                "local_coordinate_system": [
                    [
                        0.1730155131697889,
                        -0.7853089792204041,
                        -0.5944370777116799
                    ],
                    [
                        0.9601570064622182,
                        0.0,
                        0.2794611295717379
                    ],
                    [
                        -0.21946333439576257,
                        -0.6191040358096587,
                        0.7540199186361636
                    ]
                ]
            }
        ],
        "joint_deformations": [
            {
                "node_id": "1",
                "deformed_position": [
                    0.33535918418160565,
                    0.1757172757217482,
                    0.31381280989887406
                ]
            },
            {
                "node_id": "2",
                "deformed_position": [
                    0.44000000059613836,
                    0.13071796894051313,
                    0.19999999999858328
                ]
            },
            {
                "node_id": "6",
                "deformed_position": [
                    0.3590218618999105,
                    0.24471331707252536,
                    0.4254939171563647
                ]
            },
            {
                "node_id": "8",
                "deformed_position": [
                    0.4445138914125188,
                    0.1696157721479925,
                    0.3749308865277339
                ]
            },
            {
                "node_id": "9",
                "deformed_position": [
                    0.4400000005959546,
                    0.26928203105948695,
                    0.19999999999658696
                ]
            }
        ]
    },
    {
        "sequence_index": 4,
        "bar_deformations": [
            {
                "bar_id": "15",
                "deformed_position": [
                    0.3883070717186775,
                    0.22249965303905836,
                    0.25747699660260537
                ],
                "deformed_quaternion": [
                    -0.05937044733473453,
                    -0.42239730941620895,
                    0.6943401919541637,
                    0.579609662461105
                ],
                "relative_displacement": [
                    -0.003834286835685763,
                    -3.638187778820523e-09,
                    -0.003229797659327016
                ],
                "rotation_matrix": [
                    [
                        0.9986321745368227,
                        0.021531381896526477,
                        -0.04764640147464243
                    ],
                    [
                        -0.022410085233527683,
                        0.9995870708751247,
                        -0.017985433525903805
                    ],
                    [
                        0.047239475649957216,
                        0.01902859251007841,
                        0.9987023303304157
                    ]
                ],
                "local_coordinate_system": [
                    [
                        -0.32054200858241,
                        -0.785308979220404,
                        -0.5296627491996783
                    ],
                    [
                        0.8555310877710403,
                        -2.7755575615628914e-17,
                        -0.5177514440900196
                    ],
                    [
                        0.4065948580482234,
                        -0.6191040358096587,
                        0.6718562452287974
                    ]
                ]
            },
            {
                "bar_id": "9",
                "deformed_position": [
                    0.4001572280297474,
                    0.25706425297279556,
                    0.312984185627181
                ],
                "deformed_quaternion": [
                    0.6921936307592692,
                    0.699981819115998,
                    0.15479749674557014,
                    0.08325362121051491
                ],
                "relative_displacement": [
                    -0.00818407320282899,
                    -0.0037348569629649386,
                    -0.0028946943967753103
                ],
                "rotation_matrix": [
                    [
                        0.9974189293716652,
                        -0.004498655883202961,
                        -0.07166059884152498
                    ],
                    [
                        0.0022335700229457857,
                        0.9994962847419147,
                        -0.03165735225918757
                    ],
                    [
                        0.07176691783847239,
                        0.03141558343170175,
                        0.9969265623011616
                    ]
                ],
                "local_coordinate_system": [
                    [
                        -0.018564631572781144,
                        0.9646467228667337,
                        0.2628917163340036
                    ],
                    [
                        0.9975159045586911,
                        0.0,
                        0.07044160810526973
                    ],
                    [
                        0.06795126641221118,
                        0.263546390721769,
                        -0.9622504483399867
                    ]
                ]
            },
            {
                "bar_id": "14",
                "deformed_position": [
                    0.44278445620094986,
                    0.21953117705251463,
                    0.2874970724721845
                ],
                "deformed_quaternion": [
                    0.2555940866357111,
                    0.013701837281292881,
                    0.002274737584679035,
                    0.9666844097744074
                ],
                "relative_displacement": [
                    -0.003802932016499394,
                    -0.0050532928917240705,
                    -0.0024883339265887594
                ],
                "rotation_matrix": [
                    [
                        0.9992818345008287,
                        0.019151069070961327,
                        -0.032696357443873655
                    ],
                    [
                        -0.020946973986784266,
                        0.9982390420441125,
                        -0.05549810104543783
                    ],
                    [
                        0.03157593256667596,
                        0.05614313397283689,
                        0.9979232981498392
                    ]
                ],
                "local_coordinate_system": [
                    [
                        0.9978576904248655,
                        -3.469446951953614e-18,
                        0.06542193561759924
                    ],
                    [
                        0.02910373835289968,
                        0.8955990898982907,
                        -0.44390904765192535
                    ],
                    [
                        -0.058591825998506444,
                        0.4448620799454066,
                        0.8936804393925198
                    ]
                ]
            },
            {
                "bar_id": "18",
                "deformed_position": [
                    0.38830707171875456,
                    0.15321762197959163,
                    0.25747699660353507
                ],
                "deformed_quaternion": [
                    -0.3452790462099335,
                    -0.15437147490403266,
                    0.6240890168542681,
                    0.6837139219192375
                ],
                "relative_displacement": [
                    -0.0038342868356087134,
                    -3.6383893398106437e-09,
                    -0.0032297976583973154
                ],
                "rotation_matrix": [
                    [
                        0.9981241996583425,
                        -0.012973927550014377,
                        -0.0598310894127795
                    ],
                    [
                        0.013644501459172755,
                        0.9998484432185413,
                        0.010812870728435876
                    ],
                    [
                        0.059681736203998546,
                        -0.011608953328625743,
                        0.9981499499405337
                    ]
                ],
                "local_coordinate_system": [
                    [
                        0.1730155131697889,
                        -0.7853089792204041,
                        -0.5944370777116799
                    ],
                    [
                        0.9601570064622182,
                        0.0,
                        0.2794611295717379
                    ],
                    [
                        -0.21946333439576257,
                        -0.6191040358096587,
                        0.7540199186361636
                    ]
                ]
            },
            {
                "bar_id": "1",
                "deformed_position": [
                    0.3799999997020141,
                    0.16535898447026454,
                    0.19999999999841264
                ],
                "deformed_quaternion": [
                    0.6830127031938243,
                    -0.1830126970345633,
                    0.6830127031938242,
                    0.18301269703456327
                ],
                "relative_displacement": [
                    3.7247982476174e-14,
                    -1.0291767438275201e-13,
                    -1.5873691250334332e-12
                ],
                "rotation_matrix": [
                    [
                        1.0,
                        0.0,
                        0.0
                    ],
                    [
                        0.0,
                        1.0,
                        0.0
                    ],
                    [
                        0.0,
                        0.0,
                        1.0
                    ]
                ],
                "local_coordinate_system": [
                    [
                        0.0,
                        -0.4999999876814779,
                        0.8660254108965405
                    ],
                    [
                        0.0,
                        -0.8660254108965406,
                        -0.49999998768147785
                    ],
                    [
                        1.0,
                        0.0,
                        0.0
                    ]
                ]
            }
        ],
        "joint_deformations": [
            {
                "node_id": "0",
                "deformed_position": [
                    0.3199999988079022,
                    0.19999999999999143,
                    0.19999999999930326
                ]
            },
            {
                "node_id": "1",
                "deformed_position": [
                    0.3366141428413831,
                    0.17571727501864565,
                    0.3149539932096864
                ]
            },
            {
                "node_id": "2",
                "deformed_position": [
                    0.440000000596126,
                    0.1307179689405376,
                    0.19999999999837567
                ]
            },
            {
                "node_id": "6",
                "deformed_position": [
                    0.36031445546352286,
                    0.24484647488612007,
                    0.42596837125920806
                ]
            },
            {
                "node_id": "8",
                "deformed_position": [
                    0.4455689118059278,
                    0.16978032304555818,
                    0.374994144948972
                ]
            },
            {
                "node_id": "9",
                "deformed_position": [
                    0.44000000059597194,
                    0.26928203105947107,
                    0.19999999999663767
                ]
            }
        ]
    },
    {
        "sequence_index": 5,
        "bar_deformations": [
            {
                "bar_id": "15",
                "deformed_position": [
                    0.3877530837542836,
                    0.22249965129779048,
                    0.2569738858320131
                ],
                "deformed_quaternion": [
                    -0.06166385464585905,
                    -0.4253538884037781,
                    0.6925937919004747,
                    0.5792974003661008
                ],
                "relative_displacement": [
                    -0.0043882748000796945,
                    -5.379455658705012e-09,
                    -0.0037329084299193016
                ],
                "rotation_matrix": [
                    [
                        0.9981962846510632,
                        0.024561527306441296,
                        -0.05478055024539672
                    ],
                    [
                        -0.025728705308936117,
                        0.9994545435145528,
                        -0.020703844359028046
                    ],
                    [
                        0.05424215180041642,
                        0.02207593315110085,
                        0.9982837483118557
                    ]
                ],
                "local_coordinate_system": [
                    [
                        -0.32054200858241,
                        -0.785308979220404,
                        -0.5296627491996783
                    ],
                    [
                        0.8555310877710403,
                        -2.7755575615628914e-17,
                        -0.5177514440900196
                    ],
                    [
                        0.4065948580482234,
                        -0.6191040358096587,
                        0.6718562452287974
                    ]
                ]
            },
            {
                "bar_id": "9",
                "deformed_position": [
                    0.3993721135362345,
                    0.25211278180886026,
                    0.3120568502590934
                ],
                "deformed_quaternion": [
                    0.6889529472709021,
                    0.7004285499039569,
                    0.17212767178882918,
                    0.07152445407505847
                ],
                "relative_displacement": [
                    -0.008969187696341918,
                    -0.008686328126900233,
                    -0.0038220297648629
                ],
                "rotation_matrix": [
                    [
                        0.9966952929525644,
                        -0.01659070583541844,
                        -0.07951881215212092
                    ],
                    [
                        0.010841499704002918,
                        0.9973316987469655,
                        -0.07219379861636449
                    ],
                    [
                        0.08050437808200114,
                        0.07109311608288596,
                        0.9942156777858894
                    ]
                ],
                "local_coordinate_system": [
                    [
                        -0.018564631572781144,
                        0.9646467228667337,
                        0.2628917163340036
                    ],
                    [
                        0.9975159045586911,
                        0.0,
                        0.07044160810526973
                    ],
                    [
                        0.06795126641221118,
                        0.263546390721769,
                        -0.9622504483399867
                    ]
                ]
            },
            {
                "bar_id": "14",
                "deformed_position": [
                    0.4393872549286605,
                    0.21765228806303186,
                    0.2864443878917059
                ],
                "deformed_quaternion": [
                    0.26596330551105196,
                    -0.0026272966528684276,
                    -0.0019177603556906804,
                    0.9639776655240259
                ],
                "relative_displacement": [
                    -0.007200133288788768,
                    -0.006932181881206839,
                    -0.0035410185070673394
                ],
                "rotation_matrix": [
                    [
                        0.997438454925458,
                        0.03386421798947845,
                        -0.06300589953231683
                    ],
                    [
                        -0.03862941442562815,
                        0.9963578829892733,
                        -0.07601800672384763
                    ],
                    [
                        0.060202134323032015,
                        0.07825716417744101,
                        0.9951138222725363
                    ]
                ],
                "local_coordinate_system": [
                    [
                        0.9978576904248655,
                        -3.469446951953614e-18,
                        0.06542193561759924
                    ],
                    [
                        0.02910373835289968,
                        0.8955990898982907,
                        -0.44390904765192535
                    ],
                    [
                        -0.058591825998506444,
                        0.4448620799454066,
                        0.8936804393925198
                    ]
                ]
            },
            {
                "bar_id": "18",
                "deformed_position": [
                    0.38775308375439743,
                    0.15321762023827867,
                    0.25697388583313674
                ],
                "deformed_quaternion": [
                    -0.34850901253388333,
                    -0.15720727364330542,
                    0.623334739212521,
                    0.6821151986190856
                ],
                "relative_displacement": [
                    -0.004388274799965841,
                    -5.379702294749933e-09,
                    -0.003732908428795645
                ],
                "rotation_matrix": [
                    [
                        0.9975237651168823,
                        -0.014786786045288394,
                        -0.06875819213366509
                    ],
                    [
                        0.01567756266166429,
                        0.9997997890612189,
                        0.012433656828622776
                    ],
                    [
                        0.06856057216818372,
                        -0.01348082903953731,
                        0.9975558707122013
                    ]
                ],
                "local_coordinate_system": [
                    [
                        0.1730155131697889,
                        -0.7853089792204041,
                        -0.5944370777116799
                    ],
                    [
                        0.9601570064622182,
                        0.0,
                        0.2794611295717379
                    ],
                    [
                        -0.21946333439576257,
