[
    {
        "sequence_index": 0,
        "bar_deformations": [
            {
                "bar_id": "15",
                "deformed_position": [
                    0.3899065271017058,
                    0.22031508300232328,
                    0.2570294011957377
                ],
                "deformed_quaternion": [
                    -0.04783336670519878,
                    -0.44186688971976223,
                    0.691491475104532,
                    0.5694779720558011
                ],
                "deformed_link_quaternion": [
                    [
                        0.0059032578512847695,
                        0.0038769485320821195,
                        -6.325221270218241e-12,
                        0.9999750600974111
                    ],
                    [
                        0.009174378299473568,
                        0.006025247896616511,
                        -4.356711452879001e-12,
                        0.9999397617709791
                    ],
                    [
                        0.013102619344838754,
                        0.008605109366034775,
                        -1.5045953993127018e-12,
                        0.9998771291809324
                    ],
                    [
                        -0.0033311331399928108,
                        -0.0021877126578348054,
                        5.872753038332311e-12,
                        0.9999920587011332
                    ],
                    [
                        -0.0014828147788570768,
                        -0.0009738345916341482,
                        3.0955933267789137e-12,
                        0.9999984264520219
                    ],
                    [
                        -0.00037088687833947294,
                        -0.00024357897359626997,
                        2.455046824485878e-12,
                        0.9999999015560987
                    ]
                ],
                "relative_displacement": [
                    -0.0022348314526574597,
                    -0.002184573674922863,
                    -0.0036773930661946896
                ],
                "rotation_matrix": [
                    [
                        0.9980644910606501,
                        -0.0018919841085942633,
                        -0.06215860423125777
                    ],
                    [
                        -0.0018919806359031287,
                        0.9981505653504744,
                        -0.060760754601975005
                    ],
                    [
                        0.062158604336959467,
                        0.060760754493841544,
                        0.9962150564111246
                    ]
                ],
                "local_coordinate_system": [
                    [
                        -0.32054200858240944,
                        -0.7853089792204045,
                        -0.5296627491996778
                    ],
                    [
                        0.8555310877710403,
                        2.775557561562892e-17,
                        -0.5177514440900194
                    ],
                    [
                        0.4065948580482235,
                        -0.619104035809658,
                        0.671856245228798
                    ]
                ]
            }
        ],
        "joint_deformations": [
            {
                "node_id": "1",
                "deformed_position": [
                    0.3381019592834489,
                    0.16967552033043878,
                    0.3110306769869345
                ]
            },
            {
                "node_id": "9",
                "deformed_position": [
                    0.4400000005960465,
                    0.2692820310592652,
                    0.19999999999893972
                ]
            }
        ]
    },
    {
        "sequence_index": 1,
        "bar_deformations": [
            {
                "bar_id": "15",
                "deformed_position": [
                    0.389474354023405,
                    0.22019812193176386,
                    0.2565450866562839
                ],
                "deformed_quaternion": [
                    -0.04928024794703397,
                    -0.4448920993476131,
                    0.6899604987089851,
                    0.568855858123656
                ],
                "deformed_link_quaternion": [
                    [
                        0.005936681821704495,
                        0.0038942885772666447,
                        -1.697832397792561e-05,
                        0.9999747947009271
                    ],
                    [
                        0.009226992149130203,
                        0.006052174809494682,
                        -2.6356849000417e-05,
                        0.9999391146971258
                    ],
                    [
                        0.013179173104367385,
                        0.008643520858844837,
                        -3.75979447535682e-05,
                        0.9998757910509898
                    ],
                    [
                        -0.003349846622382795,
                        -0.0021975029795438393,
                        9.588427804021812e-06,
                        0.9999919746759589
                    ],
                    [
                        -0.0014911118196348884,
                        -0.0009781945044283087,
                        4.270130147278824e-06,
                        0.9999984098501452
                    ],
                    [
                        -0.00037295933736333417,
                        -0.00024466984891856726,
                        1.068252944020016e-06,
                        0.9999999005184234
                    ]
                ],
                "relative_displacement": [
                    -0.00266700453095825,
                    -0.002301534745482281,
                    -0.00416170760564849
                ],
                "rotation_matrix": [
                    [
                        0.9976583393162206,
                        -0.0004080323165936914,
                        -0.06839350482632992
                    ],
                    [
                        -0.004010319546809393,
                        0.9979127396217778,
                        -0.0644521639488557
                    ],
                    [
                        0.0682770483393437,
                        0.06457551865983199,
                        0.995574330253588
                    ]
                ],
                "local_coordinate_system": [
                    [
                        -0.32054200858240944,
                        -0.7853089792204045,
                        -0.5296627491996778
                    ],
                    [
                        0.8555310877710403,
                        2.775557561562892e-17,
                        -0.5177514440900194
                    ],
                    [
                        0.4065948580482235,
                        -0.619104035809658,
                        0.671856245228798
                    ]
                ]
            },
            {
                "bar_id": "9",
                "deformed_position": [
                    0.40192506301171976,
                    0.25841071375218383,
                    0.31368561185236243
                ],
                "deformed_quaternion": [
                    0.691374845998825,
                    0.6985228238445792,
                    0.16085793197440504,
                    0.09050642302739453
                ],
                "deformed_link_quaternion": [
                    [
                        -0.0042281087311235015,
                        0.001156868374971144,
                        1.9747378987229758e-05,
                        0.9999903921349254
                    ],
                    [
                        -0.0018900002033455337,
                        0.000517081361843256,
                        8.832094297718645e-06,
                        0.9999980802222026
                    ],
                    [
                        -0.00047336211102791745,
                        0.0001295015350505889,
                        2.2125348619112827e-06,
                        0.9999998795763773
                    ],
                    [
                        0.007429382092374358,
                        -0.002033141685333958,
                        -3.4665929663327556e-05,
                        0.9999703342674152
                    ],
                    [
                        0.011381699577211165,
                        -0.003115619277068451,
                        -5.30406541860699e-05,
                        0.9999303710848788
                    ],
                    [
                        0.015903779068811512,
                        -0.004355217153237046,
                        -7.402190923155249e-05,
                        0.9998640389651163
                    ]
                ],
                "relative_displacement": [
                    -0.006416238220856629,
                    -0.0023883961835766687,
                    -0.002193268171593876
                ],
                "rotation_matrix": [
                    [
                        0.9958743632472157,
                        -0.002975398544598381,
                        -0.09069398894333527
                    ],
                    [
                        0.00023151426785066238,
                        0.9995423423814347,
                        -0.030249829549584065
                    ],
                    [
                        0.09074248744715344,
                        0.030104032788580162,
                        0.9954192826049572
                    ]
                ],
                "local_coordinate_system": [
                    [
                        -0.018564631572780953,
                        0.9646467228667339,
                        0.2628917163340024
                    ],
                    [
                        0.9975159045586911,
                        0.0,
                        0.07044160810526932
                    ],
                    [
                        0.06795126641221082,
                        0.26354639072176783,
                        -0.962250448339987
                    ]
                ]
            }
        ],
        "joint_deformations": [
            {
                "node_id": "1",
                "deformed_position": [
                    0.33724264416524957,
                    0.16944860780868154,
                    0.3100291981030487
                ]
            },
            {
                "node_id": "6",
                "deformed_position": [
                    0.3588321465233457,
                    0.24611173375830236,
                    0.4254603164483668
                ]
            },
            {
                "node_id": "9",
                "deformed_position": [
                    0.4400000005960465,
                    0.2692820310592652,
                    0.19999999999752657
                ]
            }
        ]
    },
    {
        "sequence_index": 2,
        "bar_deformations": [
            {
                "bar_id": "15",
                "deformed_position": [
                    0.38953987602234863,
                    0.21971870736297053,
                    0.25618390924396617
                ],
                "deformed_quaternion": [
                    -0.047563495501142805,
                    -0.4474368857900456,
                    0.6896094323781257,
                    0.5674299762132221
                ],
                "deformed_link_quaternion": [
                    [
                        0.005955747491752838,
                        0.003915528155868693,
                        1.3237890516294964e-05,
                        0.9999745984452972
                    ],
                    [
                        0.009256602830965962,
                        0.006085963547224009,
                        2.0551453585012307e-05,
                        0.9999386360819195
                    ],
                    [
                        0.013221421682601518,
                        0.00869342265578817,
                        2.9318023061621233e-05,
                        0.9998748009384336
                    ],
                    [
                        -0.0033606103912943515,
                        -0.0022093157866773633,
                        -7.475702891533399e-06,
                        0.9999919125501299
                    ],
                    [
                        -0.0014959051046442404,
                        -0.0009834136017805482,
                        -3.329157257204954e-06,
                        0.9999983975759774
                    ],
                    [
                        -0.0003741587241833016,
                        -0.00024597179082308426,
                        -8.328382491021777e-07,
                        0.9999998997512118
                    ]
                ],
                "relative_displacement": [
                    -0.002601482532014643,
                    -0.0027809493142756103,
                    -0.004522885017966216
                ],
                "rotation_matrix": [
                    [
                        0.9975402507292036,
                        -0.0038702534562270988,
                        -0.06998906566959061
                    ],
                    [
                        -0.001061744680007038,
                        0.9975257530202662,
                        -0.07029398807568939
                    ],
                    [
                        0.07008795098554517,
                        0.07019539300791218,
                        0.9950679805556566
                    ]
                ],
                "local_coordinate_system": [
                    [
                        -0.32054200858240944,
                        -0.7853089792204045,
                        -0.5296627491996778
                    ],
                    [
                        0.8555310877710403,
                        2.775557561562892e-17,
                        -0.5177514440900194
                    ],
                    [
                        0.4065948580482235,
                        -0.619104035809658,
                        0.671856245228798
                    ]
                ]
            },
            {
                "bar_id": "9",
                "deformed_position": [
                    0.4020506860806281,
                    0.25735766418525247,
                    0.31362162872318977
                ],
                "deformed_quaternion": [
                    0.690792132035109,
                    0.6988693742903267,
                    0.1638815899986542,
                    0.08677933196878516
                ],
                "deformed_link_quaternion": [
                    [
                        -0.004218089665186233,
                        0.0012623939686345702,
                        5.184580523157395e-05,
                        0.9999903056495383
                    ],
                    [
                        -0.0018855359126569429,
                        0.0005641741968796282,
                        2.3188633487331116e-05,
                        0.9999980629601665
                    ],
                    [
                        -0.0004722454793056727,
                        0.00014128891310734784,
                        5.809028425448839e-06,
                        0.9999998784939454
                    ],
                    [
                        0.0074116708011236964,
                        -0.002219148595653582,
                        -9.101075396452312e-05,
                        0.9999700666682423
                    ],
                    [
                        0.011354307509550843,
                        -0.0034019994004958025,
                        -0.00013924460768424172,
                        0.9999297408878269
                    ],
                    [
                        0.01586499501329294,
                        -0.0047581744708553204,
                        -0.000194315689745314,
                        0.9998628025636046
                    ]
                ],
                "relative_displacement": [
                    -0.006290615151948287,
                    -0.003441445750508032,
                    -0.0022572513007665385
                ],
                "rotation_matrix": [
                    [
                        0.9959516963854912,
                        -0.005981937458772502,
                        -0.08969077372339881
                    ],
                    [
                        0.0024315496089018784,
                        0.9992109928295467,
                        -0.039641889146346504
                    ],
                    [
                        0.08985714236142858,
                        0.03926331917746015,
                        0.9951804287333061
                    ]
                ],
                "local_coordinate_system": [
                    [
                        -0.018564631572780953,
                        0.9646467228667339,
                        0.2628917163340024
                    ],
                    [
                        0.9975159045586911,
                        0.0,
                        0.07044160810526932
                    ],
                    [
                        0.06795126641221082,
                        0.26354639072176783,
                        -0.962250448339987
                    ]
                ]
            },
            {
                "bar_id": "14",
                "deformed_position": [
                    0.445798973598508,
                    0.2197142284288772,
                    0.2874248101069157
                ],
                "deformed_quaternion": [
                    0.26947267839085576,
                    0.029999771832876023,
                    0.005613122524261474,
                    0.9625242761335225
                ],
                "deformed_link_quaternion": [
                    [
                        -0.0063931604635956065,
                        -0.0006969702813057562,
                        -8.769416522052303e-05,
                        0.9999793168068263
                    ],
                    [
                        -0.009885336913548691,
                        -0.0010758217516275348,
                        -0.00013546154016881587,
                        0.9999505509633142
                    ],
                    [
                        -0.014010016130053055,
                        -0.0015208922551320139,
                        -0.00019178297814341152,
                        0.99990067984479
                    ],
                    [
                        0.0036185353859615227,
                        0.00039490687836287933,
                        4.967083127799387e-05,
                        0.9999933738695604
                    ],
                    [
                        0.001613166127419298,
                        0.0001761498151737615,
                        2.2152614569052946e-05,
                        0.9999986830869078
                    ],
                    [
                        0.0004036826053093587,
                        4.4089378043808203e-05,
                        5.544406384122967e-06,
                        0.9999999175328669
                    ]
                ],
                "relative_displacement": [
                    -0.0007884146189412466,
                    -0.004870241515361501,
                    -0.002560596291857564
                ],
                "rotation_matrix": [
                    [
                        0.9999747901848381,
                        0.006873253792981011,
                        -0.0017825198697962001
                    ],
                    [
                        -0.006999479497499953,
                        0.9963863209426658,
                        -0.08464813479990624
                    ],
                    [
                        0.001194270301491212,
                        0.08465847754735667,
                        0.9964093114266901
                    ]
                ],
                "local_coordinate_system": [
                    [
                        0.9978576904248655,
                        0.0,
                        0.06542193561759922
                    ],
                    [
                        0.029103738352899686,
                        0.8955990898982906,
                        -0.44390904765192557
                    ],
                    [
                        -0.05859182599850643,
                        0.44486207994540683,
                        0.8936804393925197
                    ]
                ]
            }
        ],
        "joint_deformations": [
            {
                "node_id": "1",
                "deformed_position": [
                    0.337380405913277,
                    0.16849235735701032,
                    0.3092825394986798
                ]
            },
            {
                "node_id": "6",
                "deformed_position": [
                    0.3591009056440988,
                    0.24387578534646612,
                    0.4253149658581466
                ]
            },
            {
                "node_id": "8",
                "deformed_position": [
                    0.45200513906833056,
                    0.16680725150702608,
                    0.37286970710550915
                ]
            },
            {
                "node_id": "9",
                "deformed_position": [
                    0.4400000005960465,
                    0.2692820310592652,
                    0.199999999996345
                ]
            }
        ]
    },
    {
        "sequence_index": 3,
        "bar_deformations": [
            {
                "bar_id": "15",
                "deformed_position": [
                    0.38963086338379305,
                    0.22216845158510976,
                    0.2583629856480415
                ],
                "deformed_quaternion": [
                    -0.05948906320447587,
                    -0.4216405398816731,
                    0.6945500924438964,
                    0.5798969525471919
                ],
                "deformed_link_quaternion": [
                    [
                        0.0030638126932252597,
                        -0.0016716477284198763,
                        8.99500153548273e-05,
                        0.9999939052587509
                    ],
                    [
                        0.005502433628434548,
                        -0.0015046667424755869,
                        8.926326950435606e-05,
                        0.9999837254846838
                    ],
                    [
                        0.008620299003851813,
                        -0.0008953501710602024,
                        8.539777664604444e-05,
                        0.9999624400448125
                    ],
                    [
                        -0.0013263056078793732,
                        0.0013925069819406913,
                        -7.533260569046953e-05,
                        0.9999981480796544
                    ],
                    [
                        -0.0002989264336740988,
                        0.000665414643145031,
                        -3.704350026741621e-05,
                        0.999999733247024
                    ],
                    [
                        1.8103895406427595e-05,
                        -0.0005120877157836255,
                        2.9452576024359256e-05,
                        0.9999998682854744
                    ]
                ],
                "relative_displacement": [
                    -0.002510495170570226,
                    -0.00033120509213638294,
                    -0.0023438086138908854
                ],
                "rotation_matrix": [
                    [
                        0.9986702160852935,
                        0.021894929576747997,
                        -0.04667345672845054
                    ],
                    [
                        -0.022693044578645724,
                        0.9996040031476812,
                        -0.01663918924955197
                    ],
                    [
                        0.04629066030966611,
                        0.017676225557512377,
                        0.9987716084361505
                    ]
                ],
                "local_coordinate_system": [
                    [
                        -0.32054200858240944,
                        -0.7853089792204045,
                        -0.5296627491996778
                    ],
                    [
                        0.8555310877710403,
                        2.775557561562892e-17,
                        -0.5177514440900194
                    ],
                    [
                        0.4065948580482235,
                        -0.619104035809658,
                        0.671856245228798
                    ]
                ]
            },
            {
                "bar_id": "9",
                "deformed_position": [
                    0.40222984842702103,
                    0.2581928178394106,
                    0.3137667047929187
                ],
                "deformed_quaternion": [
                    0.6913930511573158,
                    0.6987961986174864,
                    0.16053281219553298,
                    0.08881856685244142
                ],
                "deformed_link_quaternion": [
                    [
                        -0.004196917259091227,
                        0.0011750930827197092,
                        2.8782954413580777e-05,
                        0.999990502061549
                    ],
                    [
                        -0.0018760756671342856,
                        0.0005252050752542312,
                        1.28737695390797e-05,
                        0.9999981021651922
                    ],
                    [
                        -0.00046987600737008977,
                        0.00013153405812225987,
                        3.225044238376937e-06,
                        0.9999998809524571
                    ],
                    [
                        0.007374431224036672,
                        -0.0020653385393495432,
                        -5.052388444636867e-05,
                        0.999970674364092
                    ],
                    [
                        0.01129715906325271,
                        -0.003165372966137201,
                        -7.729590081030204e-05,
                        0.999931171949564
                    ],
                    [
                        0.015784933324913153,
                        -0.004425600707416146,
                        -0.00010785954187228788,
                        0.9998656101219933
                    ]
                ],
                "relative_displacement": [
                    -0.006111452805555362,
                    -0.0026062920963498826,
                    -0.0021121752310376274
                ],
                "rotation_matrix": [
                    [
                        0.9961295958467928,
                        -0.0037229597891890913,
                        -0.08781781054269916
                    ],
                    [
                        0.0009045782695921338,
                        0.9994838836479495,
                        -0.03211149429980525
                    ],
                    [
                        0.08789203613672575,
                        0.0319077717558015,
                        0.9956188447821387
                    ]
                ],
                "local_coordinate_system": [
                    [
                        -0.018564631572780953,
                        0.9646467228667339,
                        0.2628917163340024
                    ],
                    [
                        0.9975159045586911,
                        0.0,
                        0.07044160810526932
                    ],
                    [
                        0.06795126641221082,
                        0.26354639072176783,
                        -0.962250448339987
                    ]
                ]
            },
            {
                "bar_id": "14",
                "deformed_position": [
                    0.4458698990519165,
                    0.22026186340642528,
                    0.2877289222412974
                ],
                "deformed_quaternion": [
                    0.2663183189681059,
                    0.030311452617224417,
                    0.005796221531657898,
                    0.9633909759999788
                ],
                "deformed_link_quaternion": [
                    [
                        -0.006325471722979086,
                        -0.000696957161617376,
                        -7.846323974197785e-05,
                        0.9999797480457875
                    ],
                    [
                        -0.009780240080319408,
                        -0.00107600498807057,
                        -0.0001212114872949459,
                        0.9999515860405505
                    ],
                    [
                        -0.01386017057952509,
                        -0.0015215780786039588,
                        -0.00017162393239145225,
                        0.9999027707816811
                    ],
                    [
                        0.003580320353594152,
                        0.0003948539124559952,
                        4.4440129206371644e-05,
                        0.9999935116897651
                    ],
                    [
                        0.0015961512471761488,
                        0.0001761157128408095,
                        1.9819245518576608e-05,
                        0.9999987104449932
                    ],
                    [
                        0.00039942664647876135,
                        4.4079863422521965e-05,
                        4.960354175107358e-06,
                        0.999999919245354
                    ]
                ],
                "relative_displacement": [
                    -0.0007174891655327698,
                    -0.0043226065378134115,
                    -0.002256484157475813
                ],
                "rotation_matrix": [
                    [
                        0.9999798600861914,
                        0.006209301179343219,
                        -0.0013130121344274524
                    ],
                    [
                        -0.006292916938078537,
                        0.9969226138399732,
                        -0.07813898649769062
                    ],
                    [
                        0.0008237829880442239,
                        0.0781456754615381,
                        0.9969416105210217
                    ]
                ],
                "local_coordinate_system": [
                    [
                        0.9978576904248655,
                        0.0,
                        0.06542193561759922
                    ],
                    [
                        0.029103738352899686,
                        0.8955990898982906,
                        -0.44390904765192557
                    ],
                    [
                        -0.05859182599850643,
                        0.44486207994540683,
                        0.8936804393925197
                    ]
                ]
            },
            {
                "bar_id": "18",
                "deformed_position": [
                    0.3896722186974787,
                    0.15318524552942903,
                    0.2586718764855964
                ],
                "deformed_quaternion": [
                    -0.345251008969413,
                    -0.1550609518523009,
                    0.6241976299056662,
                    0.683472867666603
                ],
                "deformed_link_quaternion": [
                    [
                        0.004778963958359544,
                        9.618144418266394e-05,
                        -3.3939136200678817e-06,
                        0.9999885760552947
                    ],
                    [
                        0.0077725789633204655,
                        0.00017474204359955883,
                        -6.5036786215377435e-06,
                        0.9999697777628979
                    ],
                    [
                        0.011213172872281033,
                        9.251524685511463e-05,
                        -3.2952147641853727e-06,
                        0.9999371261155409
                    ],
                    [
                        -0.0022683747605132293,
                        0.00014477719124926497,
                        -1.0446335168334431e-05,
                        0.9999974166998558
                    ],
                    [
                        -0.00026363567786062225,
                        0.0005492521502261337,
                        -3.7351013272672846e-05,
                        0.999999813711586
                    ],
                    [
                        0.0012231214414839913,
                        0.001118623458464191,
                        -7.753154364317614e-05,
                        0.999998623321231
                    ]
                ],
                "relative_displacement": [
                    -0.0024691398568845724,
                    -3.238008855194208e-05,
                    -0.002034917776335965
                ],
                "rotation_matrix": [
                    [
                        0.9980564767897311,
                        -0.013897742781566467,
                        -0.060746373419706595
                    ],
                    [
                        0.014534863612414505,
                        0.9998437656665741,
                        0.010058926257490717
                    ],
                    [
                        0.06059708638076197,
                        -0.010922316753443137,
                        0.9981025478972089
                    ]
                ],
                "local_coordinate_system": [
                    [
                        0.17301551316978883,
                        -0.7853089792204047,
                        -0.5944370777116791
                    ],
                    [
                        0.9601570064622181,
                        0.0,
                        0.2794611295717382
                    ],
                    [
                        -0.2194633343957629,
                        -0.6191040358096579,
                        0.7540199186361639
                    ]
                ]
            }
        ],
        "joint_deformations": [
            {
                "node_id": "1",
                "deformed_position": [
                    0.3377180721426941,
                    0.17570865338608724,
                    0.3159032423585097
                ]
            },
            {
                "node_id": "2",
                "deformed_position": [
                    0.44000000059606376,
                    0.13071796894053608,
                    0.19999999999886203
                ]
            },
            {
                "node_id": "6",
                "deformed_position": [
                    0.3594755956340383,
                    0.24565222412868162,
                    0.4256445835084123
                ]
            },
            {
                "node_id": "8",
                "deformed_position": [
                    0.45214828956065156,
                    0.1679259997316343,
                    0.3735195819736839
                ]
            },
            {
                "node_id": "9",
                "deformed_position": [
                    0.44000000059602923,
                    0.26928203105946397,
                    0.1999999999965382
                ]
            }
        ]
    },
    {
        "sequence_index": 4,
        "bar_deformations": [
            {
                "bar_id": "15",
                "deformed_position": [
                    0.38970627589487683,
                    0.2221632306209145,
                    0.25842466556052757
                ],
                "deformed_quaternion": [
                    -0.058958945588655914,
                    -0.42102321382207974,
                    0.6949295048393362,
                    0.5799450659000007
                ],
                "deformed_link_quaternion": [
                    [
                        0.0029089535343194673,
                        -0.0016846782038977114,
                        8.774497171387024e-05,
                        0.9999943460587687
                    ],
                    [
                        0.0052650392721221954,
                        -0.0015048295233844866,
                        8.657509005530188e-05,
                        0.9999850035647146
                    ],
                    [
                        0.00830158773106425,
                        -0.0008820123131640062,
                        8.25015373154892e-05,
                        0.9999651488371578
                    ],
                    [
                        -0.001253977871810534,
                        0.001417751145034763,
                        -7.420488682605992e-05,
                        0.9999982060058021
                    ],
                    [
                        -0.0003083323719316203,
                        0.0007022278305151404,
                        -3.773893171981674e-05,
                        0.9999997051914543
                    ],
                    [
                        -7.186061399075253e-05,
                        -0.00046431569956643465,
                        2.6209405711275816e-05,
                        0.9999998892800191
                    ]
                ],
                "relative_displacement": [
                    -0.0024350826594864428,
                    -0.0003364260563316346,
                    -0.0022821287014048175
                ],
                "rotation_matrix": [
                    [
                        0.9987569018549523,
                        0.021175153328720234,
                        -0.04512498064932999
                    ],
                    [
                        -0.02192185295057828,
                        0.9996297655626389,
                        -0.016117200885905902
                    ],
                    [
                        0.044766989627519516,
                        0.01708638881357357,
                        0.9988513262528117
                    ]
                ],
                "local_coordinate_system": [
                    [
                        -0.32054200858240944,
                        -0.7853089792204045,
                        -0.5296627491996778
                    ],
                    [
                        0.8555310877710403,
                        2.775557561562892e-17,
                        -0.5177514440900194
                    ],
                    [
                        0.4065948580482235,
                        -0.619104035809658,
                        0.671856245228798
                    ]
                ]
            },
            {
