[
    {
        "sequence_index": 0,
        "bar_deformations": [
            {
                "bar_id": "15",
                "deformed_position": [
                    0.391387445113746,
                    0.22176269756755645,
                    0.25952150065006363
                ],
                "deformed_quaternion": [
                    -0.04484796032642174,
                    -0.4142888057813341,
                    0.7017081710478901,
                    0.5778919350046864
                ],
                "deformed_link_quaternion": [
                    [
                        0.0013999935041209255,
                        0.0009194418915856476,
                        -2.5961403802636495e-13,
                        0.9999985973214145
                    ],
                    [
                        0.0021843454912549077,
                        0.0014345628968797206,
                        -2.2639522420927755e-13,
                        0.999996585326205
                    ],
                    [
                        0.0031386369065537546,
                        0.002061291146080473,
                        -1.1851900013405835e-13,
                        0.9999929499937387
                    ],
                    [
                        -0.0007881721926974928,
                        -0.0005176299266125629,
                        1.9267013006957823e-13,
                        0.9999995554218281
                    ],
                    [
                        -0.00035044750828687324,
                        -0.0002301554426520724,
                        1.4099142473213853e-13,
                        0.9999999121075042
                    ],
                    [
                        -8.762376993936579e-05,
                        -5.754667375521334e-05,
                        9.399227813600664e-14,
                        0.9999999945052277
                    ]
                ],
                "relative_displacement": [
                    -0.0007539134406172598,
                    -0.0007369591096896833,
                    -0.001185293611868754
                ],
                "rotation_matrix": [
                    [
                        0.9998329639955368,
                        -0.00016327990075342246,
                        -0.0182761442206453
                    ],
                    [
                        -0.00016327934608633242,
                        0.9998403922824317,
                        -0.017865142047251852
                    ],
                    [
                        0.01827614422560071,
                        0.017865142042182435,
                        0.9996733562779684
                    ]
                ],
                "local_coordinate_system": [
                    [
                        -0.32054200858240944,
                        -0.7853089792204045,
                        -0.5296627491996778
                    ],
                    [
                        0.8555310877710403,
                        2.775557561562892e-17,
                        -0.5177514440900194
                    ],
                    [
                        0.4065948580482235,
                        -0.619104035809658,
                        0.671856245228798
                    ]
                ]
            }
        ],
        "joint_deformations": [
            {
                "node_id": "1",
                "deformed_position": [
                    0.34234417800427713,
                    0.17382233846968564,
                    0.31835029634693457
                ]
            },
            {
                "node_id": "9",
                "deformed_position": [
                    0.4400000005960465,
                    0.2692820310592652,
                    0.19999999999893972
                ]
            }
        ]
    },
    {
        "sequence_index": 1,
        "bar_deformations": [
            {
                "bar_id": "15",
                "deformed_position": [
                    0.39119778694016083,
                    0.22171110144461856,
                    0.2593247490155412
                ],
                "deformed_quaternion": [
                    -0.04547271611733709,
                    -0.4155510890924686,
                    0.7011026171243124,
                    0.5776717447689607
                ],
                "deformed_link_quaternion": [
                    [
                        0.0014038002011426708,
                        0.0009212688609124972,
                        -1.766945500587838e-06,
                        0.999998590301786
                    ],
                    [
                        0.002190300598637588,
                        0.0014374123899695476,
                        -2.7566586396782733e-06,
                        0.9999965682047662
                    ],
                    [
                        0.0031472273898157125,
                        0.0020653834485922203,
                        -3.960606871870605e-06,
                        0.9999929145425385
                    ],
                    [
                        -0.0007903118843697178,
                        -0.0005186587439827397,
                        9.948166830538455e-07,
                        0.9999995531995217
                    ],
                    [
                        -0.0003513981283296598,
                        -0.00023061297782578778,
                        4.4234283650735007e-07,
                        0.9999999116684033
                    ],
                    [
                        -8.786139656049164e-05,
                        -5.76610971505706e-05,
                        1.1060241422151477e-07,
                        0.9999999944777803
                    ]
                ],
                "relative_displacement": [
                    -0.0009435716142024431,
                    -0.0007885552326275802,
                    -0.0013820452463911836
                ],
                "rotation_matrix": [
                    [
                        0.9997821839011161,
                        0.000583962676970699,
                        -0.020862496051689664
                    ],
                    [
                        -0.0009883924418125902,
                        0.9998116930010708,
                        -0.01938044423416391
                    ],
                    [
                        0.020847250041572136,
                        0.01939684319482102,
                        0.999594495102779
                    ]
                ],
                "local_coordinate_system": [
                    [
                        -0.32054200858240944,
                        -0.7853089792204045,
                        -0.5296627491996778
                    ],
                    [
                        0.8555310877710403,
                        2.775557561562892e-17,
                        -0.5177514440900194
                    ],
                    [
                        0.4065948580482235,
                        -0.619104035809658,
                        0.671856245228798
                    ]
                ]
            },
            {
                "bar_id": "9",
                "deformed_position": [
                    0.4063937042275316,
                    0.2599859972008297,
                    0.31526459307467625
                ],
                "deformed_quaternion": [
                    0.6956733537190773,
                    0.7025198594645415,
                    0.1301532240281861,
                    0.07459604720252441
                ],
                "deformed_link_quaternion": [
                    [
                        -0.0008488209011085059,
                        0.00022557793697336684,
                        1.934336289535643e-06,
                        0.9999996143068909
                    ],
                    [
                        -0.00037781024792644106,
                        0.00010040383672860159,
                        8.609969851279848e-07,
                        0.9999999235888695
                    ],
                    [
                        -9.449674192361462e-05,
                        2.511259820943351e-05,
                        2.1535263552422317e-07,
                        0.9999999952198384
                    ],
                    [
                        0.0015045272680444513,
                        -0.0003998417867033214,
                        -3.4284254890655605e-06,
                        0.9999987882555115
                    ],
                    [
                        0.00233912057889311,
                        -0.0006216601847480581,
                        -5.329873723942905e-06,
                        0.9999970710082727
                    ],
                    [
                        0.0033430884078206147,
                        -0.0008885185662191832,
                        -7.616883294872864e-06,
                        0.9999940171004216
                    ]
                ],
                "relative_displacement": [
                    -0.0019475970050447655,
                    -0.0008131127349307876,
                    -0.0006142869492800629
                ],
                "rotation_matrix": [
                    [
                        0.9997106149619639,
                        -0.000756830436760755,
                        -0.024043991766387652
                    ],
                    [
                        0.0005445800332189133,
                        0.9999608408203605,
                        -0.008832907699350214
                    ],
                    [
                        0.024049735236786784,
                        0.008817257710184812,
                        0.9996718792691494
                    ]
                ],
                "local_coordinate_system": [
                    [
                        -0.018564631572780953,
                        0.9646467228667339,
                        0.2628917163340024
                    ],
                    [
                        0.9975159045586911,
                        0.0,
                        0.07044160810526932
                    ],
                    [
                        0.06795126641221082,
                        0.26354639072176783,
                        -0.962250448339987
                    ]
                ]
            }
        ],
        "joint_deformations": [
            {
                "node_id": "1",
                "deformed_position": [
                    0.34196502449131727,
                    0.1737197071995979,
                    0.31795331222200346
                ]
            },
            {
                "node_id": "6",
                "deformed_position": [
                    0.3717418550031664,
                    0.2504011502356658,
                    0.4301972521397051
                ]
            },
            {
                "node_id": "9",
                "deformed_position": [
                    0.4400000005960465,
                    0.2692820310592652,
                    0.19999999999752657
                ]
            }
        ]
    },
    {
        "sequence_index": 2,
        "bar_deformations": [
            {
                "bar_id": "15",
                "deformed_position": [
                    0.39122853275944725,
                    0.2214903162793288,
                    0.25917237608855626
                ],
                "deformed_quaternion": [
                    -0.04467812290703373,
                    -0.4166644106582229,
                    0.700995551395828,
                    0.5770614102048404
                ],
                "deformed_link_quaternion": [
                    [
                        0.0014059129353344954,
                        0.000923927174612661,
                        1.5474781563579415e-06,
                        0.9999985848814985
                    ],
                    [
                        0.0021935954849099334,
                        0.001441580177640914,
                        2.414256076545655e-06,
                        0.9999965549838716
                    ],
                    [
                        0.003151958599874177,
                        0.002071415127563908,
                        3.4686484312623784e-06,
                        0.9999928871668651
                    ],
                    [
                        -0.0007915016793945887,
                        -0.0005201509117458057,
                        -8.712541415583104e-07,
                        0.9999995514835802
                    ],
                    [
                        -0.0003519272573465124,
                        -0.00023127543658784218,
                        -3.8740087725040607e-07,
                        0.9999999113293601
                    ],
                    [
                        -8.799372345136026e-05,
                        -5.782664118350224e-05,
                        -9.686454431055571e-08,
                        0.9999999944565874
                    ]
                ],
                "relative_displacement": [
                    -0.0009128257949160279,
                    -0.0010093403979173354,
                    -0.0015344181733761286
                ],
                "rotation_matrix": [
                    [
                        0.9997679822511105,
                        -0.0009237063917006804,
                        -0.021520418956075003
                    ],
                    [
                        0.0004517838675123867,
                        0.9997595467340941,
                        -0.021923608402261603
                    ],
                    [
                        0.021535495278263664,
                        0.021908799157886114,
                        0.9995280020902761
                    ]
                ],
                "local_coordinate_system": [
                    [
                        -0.32054200858240944,
                        -0.7853089792204045,
                        -0.5296627491996778
                    ],
                    [
                        0.8555310877710403,
                        2.775557561562892e-17,
                        -0.5177514440900194
                    ],
                    [
                        0.4065948580482235,
                        -0.619104035809658,
                        0.671856245228798
                    ]
                ]
            },
            {
                "bar_id": "9",
                "deformed_position": [
                    0.4064522576585176,
                    0.2595477049446344,
                    0.31524546035498846
                ],
                "deformed_quaternion": [
                    0.6954617568994466,
                    0.7026700306970773,
                    0.13130100071764356,
                    0.07312878955000335
                ],
                "deformed_link_quaternion": [
                    [
                        -0.0008476798764922801,
                        0.00023575763531215557,
                        4.9499053409677395e-06,
                        0.9999996129162565
                    ],
                    [
                        -0.0003773026954064407,
                        0.00010493345200724376,
                        2.2032654377239095e-06,
                        0.9999999233133933
                    ],
                    [
                        -9.436985488454678e-05,
                        2.6245384407488395e-05,
                        5.510813058047236e-07,
                        0.9999999952026033
                    ],
                    [
                        0.0015025026957771566,
                        -0.00041789567018037235,
                        -8.77322302105835e-06,
                        0.9999987838852049
                    ],
                    [
                        0.002335967620305934,
                        -0.0006497554365919523,
                        -1.3638942618353105e-05,
                        0.999997060439244
                    ],
                    [
                        0.003338570893312609,
                        -0.0009287282957782485,
                        -1.9491273242843906e-05,
                        0.9999939954960896
                    ]
                ],
                "relative_displacement": [
                    -0.0018890435740587797,
                    -0.0012514049911260816,
                    -0.0006334196689678495
                ],
                "rotation_matrix": [
                    [
                        0.9997198174713837,
                        -0.0018116056205731723,
                        -0.023600945745001885
                    ],
                    [
                        0.0015182834573816664,
                        0.9999214625078406,
                        -0.012440403189762354
                    ],
                    [
                        0.02362162929025126,
                        0.012401084680636443,
                        0.9996440525149026
                    ]
                ],
                "local_coordinate_system": [
                    [
                        -0.018564631572780953,
                        0.9646467228667339,
                        0.2628917163340024
                    ],
                    [
                        0.9975159045586911,
                        0.0,
                        0.07044160810526932
                    ],
                    [
                        0.06795126641221082,
                        0.26354639072176783,
                        -0.962250448339987
                    ]
                ]
            },
            {
                "bar_id": "14",
                "deformed_position": [
                    0.44617077653803017,
                    0.22294422882736717,
                    0.2891802333054595
                ],
                "deformed_quaternion": [
                    0.24049492340937176,
                    0.03034341168038348,
                    0.00670130008236465,
                    0.9701528548425352
                ],
                "deformed_link_quaternion": [
                    [
                        -0.0014299227439331008,
                        -0.00017270028885983695,
                        -9.04742593337477e-06,
                        0.9999989627063124
                    ],
                    [
                        -0.002228254580685516,
                        -0.0002690772469971679,
                        -1.4097705350125318e-05,
                        0.9999974811369344
                    ],
                    [
                        -0.0031957144015441314,
                        -0.00038581472931580307,
                        -2.021703373419044e-05,
                        0.999994819060444
                    ],
                    [
                        0.000805623732892383,
                        9.730932894986565e-05,
                        5.0975866084686445e-06,
                        0.9999996707376009
                    ],
                    [
                        0.00035833964463873405,
                        4.3285149101517337e-05,
                        2.2674530451175933e-06,
                        0.9999999348569747
                    ],
                    [
                        8.960753194066839e-05,
                        1.0824255916199053e-05,
                        5.670128476914464e-07,
                        0.9999999959265021
                    ]
                ],
                "relative_displacement": [
                    -0.0004166116794190877,
                    -0.001640241116871527,
                    -0.000805173093313738
                ],
                "rotation_matrix": [
                    [
                        0.9999931882421371,
                        0.002907397832078796,
                        -0.0022738749243936696
                    ],
                    [
                        -0.0029631508015123035,
                        0.999685244038699,
                        -0.024912498642537424
                    ],
                    [
                        0.0022007286641609848,
                        0.024919066778933664,
                        0.999687049483094
                    ]
                ],
                "local_coordinate_system": [
                    [
                        0.9978576904248655,
                        0.0,
                        0.06542193561759922
                    ],
                    [
                        0.029103738352899686,
                        0.8955990898982906,
                        -0.44390904765192557
                    ],
                    [
                        -0.05859182599850643,
                        0.44486207994540683,
                        0.8936804393925197
                    ]
                ]
            }
        ],
        "joint_deformations": [
            {
                "node_id": "1",
                "deformed_position": [
                    0.34202718506061847,
                    0.17327803448784732,
                    0.3176458784868446
                ]
            },
            {
                "node_id": "6",
                "deformed_position": [
                    0.37186079509193776,
                    0.24951157182007205,
                    0.43015778681322714
                ]
            },
            {
                "node_id": "8",
                "deformed_position": [
                    0.45244561390720894,
                    0.17583618635468334,
                    0.3779501078279736
                ]
            },
            {
                "node_id": "9",
                "deformed_position": [
                    0.4400000005960465,
                    0.2692820310592652,
                    0.199999999996345
                ]
            }
        ]
    },
    {
        "sequence_index": 3,
        "bar_deformations": [
            {
                "bar_id": "15",
                "deformed_position": [
                    0.3912759706937121,
                    0.2223815870690203,
                    0.259921597424988
                ],
                "deformed_quaternion": [
                    -0.04851726960635799,
                    -0.4083796321078202,
                    0.7024160452193186,
                    0.5809336020991365
                ],
                "deformed_link_quaternion": [
                    [
                        0.0006331616843938617,
                        -0.0005931429535582706,
                        9.503177278686179e-06,
                        0.999999623598633
                    ],
                    [
                        0.0011944404367720686,
                        -0.0006006826713072,
                        1.0055925752756916e-05,
                        0.9999991061952255
                    ],
                    [
                        0.0019271992479507583,
                        -0.0004959757912119065,
                        1.0168397178907263e-05,
                        0.9999980199018781
                    ],
                    [
                        -0.0002445133161061164,
                        0.0004732962009197092,
                        -7.688825019566568e-06,
                        0.9999998580724032
                    ],
                    [
                        -2.8899857554294132e-05,
                        0.00024115138475202087,
                        -4.046996936782878e-06,
                        0.9999999704972145
                    ],
                    [
                        1.3767683316099134e-05,
                        -0.00010337873749576155,
                        1.73236958715356e-06,
                        0.9999999945601432
                    ]
                ],
                "relative_displacement": [
                    -0.0008653878606511567,
                    -0.00011806960822582924,
                    -0.0007851968369443907
                ],
                "rotation_matrix": [
                    [
                        0.9998768405391635,
                        0.006905905629875126,
                        -0.014092984809874294
                    ],
                    [
                        -0.006975657813852516,
                        0.9999636336185505,
                        -0.004906285606154856
                    ],
                    [
                        0.014058589953623616,
                        0.005003989190274396,
                        0.9998886518711467
                    ]
                ],
                "local_coordinate_system": [
                    [
                        -0.32054200858240944,
                        -0.7853089792204045,
                        -0.5296627491996778
                    ],
                    [
                        0.8555310877710403,
                        2.775557561562892e-17,
                        -0.5177514440900194
                    ],
                    [
                        0.4065948580482235,
                        -0.619104035809658,
                        0.671856245228798
                    ]
                ]
            },
            {
                "bar_id": "9",
                "deformed_position": [
                    0.4065405364959954,
                    0.25994686114614385,
                    0.31530415363024844
                ],
                "deformed_quaternion": [
                    0.6957033835462172,
                    0.7026127731938623,
                    0.12981381197885783,
                    0.07403017821600273
                ],
                "deformed_link_quaternion": [
                    [
                        -0.0008452710601519226,
                        0.00022611032185069983,
                        2.46112806164569e-06,
                        0.9999996171923768
                    ],
                    [
                        -0.0003762305151991305,
                        0.00010064048287841617,
                        1.0954815081525932e-06,
                        0.9999999241604434
                    ],
                    [
                        -9.410164439942617e-05,
                        2.5171753624202018e-05,
                        2.740021043141163e-07,
                        0.9999999952555941
                    ],
                    [
                        0.0014982328156733227,
                        -0.00040078790655698616,
                        -4.362090090549703e-06,
                        0.9999987973235049
                    ],
                    [
                        0.0023293282728546155,
                        -0.0006231374256577539,
                        -6.781309088381233e-06,
                        0.9999970929375545
                    ],
                    [
                        0.003329079989210617,
                        -0.0008906432003252692,
                        -9.691038119938647e-06,
                        0.9999940619259692
                    ]
                ],
                "relative_displacement": [
                    -0.0018007647365809731,
                    -0.0008522487896166497,
                    -0.0005747263937078695
                ],
                "rotation_matrix": [
                    [
                        0.9997406680573035,
                        -0.0009290134926528562,
                        -0.0227537593875581
                    ],
                    [
                        0.0007214689167703609,
                        0.99995808010843,
                        -0.00912784248685363
                    ],
                    [
                        0.022761285441260857,
                        0.009109059215591091,
                        0.9996994292912588
                    ]
                ],
                "local_coordinate_system": [
                    [
                        -0.018564631572780953,
                        0.9646467228667339,
                        0.2628917163340024
                    ],
                    [
                        0.9975159045586911,
                        0.0,
                        0.07044160810526932
                    ],
                    [
                        0.06795126641221082,
                        0.26354639072176783,
                        -0.962250448339987
                    ]
                ]
            },
            {
                "bar_id": "14",
                "deformed_position": [
                    0.44620812095750684,
                    0.22322316906144524,
                    0.2893220455164204
                ],
                "deformed_quaternion": [
                    0.23896628374955678,
                    0.03051160954367425,
                    0.0067936867494958805,
                    0.9705246018181768
                ],
                "deformed_link_quaternion": [
                    [
                        -0.0014215285148898508,
                        -0.00017281892849967568,
                        -7.953770686867748e-06,
                        0.9999989746629928
                    ],
                    [
                        -0.002215163405852303,
                        -0.00026926779681799425,
                        -1.2393663899115458e-05,
                        0.9999975101930685
                    ],
                    [
                        -0.003176916953593565,
                        -0.00038610006242961926,
                        -1.7773503820435317e-05,
                        0.9999948788916443
                    ],
                    [
                        0.0008008966351485539,
                        9.737492085682754e-05,
                        4.4813670732152254e-06,
                        0.999999674531258
                    ],
                    [
                        0.0003562375110545418,
                        4.331404027636458e-05,
                        1.993347725962824e-06,
                        0.9999999356073761
                    ],
                    [
                        8.908188271758415e-05,
                        1.0831456899270907e-05,
                        4.984679415236986e-07,
                        0.9999999959734246
                    ]
                ],
                "relative_displacement": [
                    -0.0003792672599424174,
                    -0.0013613008827934592,
                    -0.0006633608823528592
                ],
                "rotation_matrix": [
                    [
                        0.9999946557916891,
                        0.002565125490725423,
                        -0.0020269482672121367
                    ],
                    [
                        -0.002608654624281345,
                        0.9997595448938408,
                        -0.021772627648302935
                    ],
                    [
                        0.00197061135497063,
                        0.021777798898815752,
                        0.9997608934970453
                    ]
                ],
                "local_coordinate_system": [
                    [
                        0.9978576904248655,
                        0.0,
                        0.06542193561759922
                    ],
                    [
                        0.029103738352899686,
                        0.8955990898982906,
                        -0.44390904765192557
                    ],
                    [
                        -0.05859182599850643,
                        0.44486207994540683,
                        0.8936804393925197
                    ]
                ]
            },
            {
                "bar_id": "18",
                "deformed_position": [
                    0.3912897490216179,
                    0.15320868053832926,
                    0.26002803290945353
                ],
                "deformed_quaternion": [
                    -0.33021412240597847,
                    -0.1411605271548786,
                    0.6274042597144617,
                    0.6909386614086339
                ],
                "deformed_link_quaternion": [
                    [
                        0.0011368444843017952,
                        3.2443003079577135e-05,
                        -3.5699820066513343e-07,
                        0.9999993532657622
                    ],
                    [
                        0.0018710125537348544,
                        5.843661192707138e-05,
                        -6.727492301806642e-07,
                        0.999998247946832
                    ],
                    [
                        0.0027242029085004517,
                        4.224137453619385e-05,
                        -4.1590719918355937e-07,
                        0.9999962884601156
                    ],
                    [
                        -0.000523988065005643,
                        3.58395488649475e-05,
                        -8.093021857861356e-07,
                        0.9999998620756803
                    ],
                    [
                        -3.391141581024971e-05,
                        0.00014647549725906367,
                        -2.9673927805931554e-06,
                        0.9999999886930696
                    ],
                    [
                        0.00033259296000563455,
                        0.0002995431258863576,
                        -6.121249810860916e-06,
                        0.9999998998091796
                    ]
                ],
                "relative_displacement": [
                    -0.0008516095327453788,
                    -8.945079651712096e-06,
                    -0.0006787613524788516
                ],
                "rotation_matrix": [
                    [
                        0.9998211339552587,
                        -0.004322432181963101,
                        -0.01841240550425576
                    ],
                    [
                        0.004380112371616697,
                        0.9999856223154429,
                        0.0030935057796456326
                    ],
                    [
                        0.018398769307560448,
                        -0.0031736008616428564,
                        0.9998256915810567
                    ]
                ],
                "local_coordinate_system": [
                    [
                        0.17301551316978883,
                        -0.7853089792204047,
                        -0.5944370777116791
                    ],
                    [
                        0.9601570064622181,
                        0.0,
                        0.2794611295717382
                    ],
                    [
                        -0.2194633343957629,
                        -0.6191040358096579,
                        0.7540199186361639
                    ]
                ]
            }
        ],
        "joint_deformations": [
            {
                "node_id": "1",
                "deformed_position": [
                    0.34218371604991293,
                    0.17571678102165744,
                    0.31972711110790086
                ]
            },
            {
                "node_id": "2",
                "deformed_position": [
                    0.44000000059607114,
                    0.1307179689405219,
                    0.19999999999883075
                ]
            },
            {
                "node_id": "6",
                "deformed_position": [
                    0.37203956426605816,
                    0.25032209419456736,
                    0.43027885924672654
                ]
            },
            {
                "node_id": "8",
                "deformed_position": [
                    0.4525205357255151,
                    0.17639737849421772,
                    0.3782384709513974
                ]
            },
            {
                "node_id": "9",
                "deformed_position": [
                    0.44000000059602185,
                    0.2692820310594781,
                    0.19999999999656948
                ]
            }
        ]
    },
    {
        "sequence_index": 4,
        "bar_deformations": [
            {
                "bar_id": "15",
                "deformed_position": [
                    0.39130913043113413,
                    0.22238024941988774,
                    0.2599475598207157
                ],
                "deformed_quaternion": [
                    -0.04831086963672994,
                    -0.40813612355218887,
                    0.7025592274005154,
                    0.5809487899299957
                ],
                "deformed_link_quaternion": [
                    [
                        0.0005819026691933374,
                        -0.0005966957336665296,
                        9.169415220510754e-06,
                        0.9999996526296431
                    ],
                    [
                        0.00111759681304278,
                        -0.0006010948193304293,
                        9.660217906867066e-06,
                        0.9999991947842067
                    ],
                    [
                        0.0018248389914418378,
                        -0.0004931966581602279,
                        9.740796760869631e-06,
                        0.9999982133108182
                    ],
                    [
                        -0.00021881215170581846,
                        0.0004799412416959595,
                        -7.4742653869164695e-06,
                        0.9999998608608814
                    ],
                    [
                        -2.8668097786226416e-05,
                        0.00025084333195943054,
                        -4.022779897358396e-06,
                        0.9999999681197896
                    ],
                    [
                        -1.1352777295181178e-05,
                        -9.068162495997699e-05,
                        1.4946391347856522e-06,
                        0.9999999958228617
                    ]
                ],
                "relative_displacement": [
                    -0.0008322281232291395,
                    -0.00011940725735840041,
                    -0.0007592344412166718
                ],
                "rotation_matrix": [
                    [
                        0.9998870654070662,
                        0.006618874887726382,
                        -0.013492476676494029
                    ],
                    [
                        -0.006682723146806086,
                        0.9999666600022566,
                        -0.004692557434288767
                    ],
                    [
                        0.013460967386791057,
                        0.004782193968418855,
                        0.9998979612829801
                    ]
                ],
                "local_coordinate_system": [
                    [
                        -0.32054200858240944,
                        -0.7853089792204045,
                        -0.5296627491996778
                    ],
                    [
                        0.8555310877710403,
                        2.775557561562892e-17,
                        -0.5177514440900194
                    ],
                    [
                        0.4065948580482235,
                        -0.619104035809658,
