[
    {
        "sequence_index": 0,
        "bar_deformations": [
            {
                "bar_id": "15",
                "deformed_position": [
                    0.39062278770148895,
                    0.2210152362103323,
                    0.2582700691045625
                ],
                "deformed_quaternion": [
                    -0.04614399692519818,
                    -0.4262611063580945,
                    0.6973720087746239,
                    0.5743208877724948
                ],
                "deformed_link_quaternion": [
                    [
                        0.0028660403823587014,
                        0.0018822640034595666,
                        7.549367958910548e-13,
                        0.9999941214300953
                    ],
                    [
                        0.004465690604928515,
                        0.0029328298268487883,
                        6.20110205485672e-13,
                        0.9999857279564683
                    ],
                    [
                        0.0064033939429286495,
                        0.004205411099327487,
                        3.240522767266073e-13,
                        0.9999706551011871
                    ],
                    [
                        -0.0016148277347971126,
                        -0.001060533593560799,
                        -5.928196523072096e-13,
                        0.9999981337982007
                    ],
                    [
                        -0.0007182902129372684,
                        -0.00047173507039132854,
                        -1.006566838140075e-12,
                        0.9999996307625285
                    ],
                    [
                        -0.0001796193953718203,
                        -0.00011796452979961639,
                        -3.1158941118543103e-13,
                        0.999999976910621
                    ]
                ],
                "relative_displacement": [
                    -0.0015185708528743236,
                    -0.0014844204669138272,
                    -0.002436725157369868
                ],
                "rotation_matrix": [
                    [
                        0.9993051541857281,
                        -0.0006792193169122704,
                        -0.03726590236338791
                    ],
                    [
                        -0.0006792202503632536,
                        0.9993360548412191,
                        -0.036427848608439325
                    ],
                    [
                        0.037265902346374544,
                        0.0364278486258441,
                        0.9986412090269473
                    ]
                ],
                "local_coordinate_system": [
                    [
                        -0.32054200858240944,
                        -0.7853089792204045,
                        -0.5296627491996778
                    ],
                    [
                        0.8555310877710403,
                        2.775557561562892e-17,
                        -0.5177514440900194
                    ],
                    [
                        0.4065948580482235,
                        -0.619104035809658,
                        0.671856245228798
                    ]
                ]
            }
        ],
        "joint_deformations": [
            {
                "node_id": "1",
                "deformed_position": [
                    0.3403870068588057,
                    0.17190918133498645,
                    0.31509685999521303
                ]
            },
            {
                "node_id": "9",
                "deformed_position": [
                    0.4400000005960465,
                    0.2692820310592652,
                    0.19999999999893972
                ]
            }
        ]
    },
    {
        "sequence_index": 1,
        "bar_deformations": [
            {
                "bar_id": "15",
                "deformed_position": [
                    0.39021858518989616,
                    0.22090379602201227,
                    0.25783198478227676
                ],
                "deformed_quaternion": [
                    -0.047480123021630675,
                    -0.4290264861756997,
                    0.6960169028210836,
                    0.5737964648417843
                ],
                "deformed_link_quaternion": [
                    [
                        0.002882089500040449,
                        0.0018902588417744647,
                        -7.656646471696986e-06,
                        0.9999940601938597
                    ],
                    [
                        0.004490841996771449,
                        0.0029452807449489213,
                        -1.1926017870938928e-05,
                        0.9999855786546442
                    ],
                    [
                        0.006439766960897065,
                        0.0042232520409543235,
                        -1.7094033339181777e-05,
                        0.9999703461860666
                    ],
                    [
                        -0.0016238387843479406,
                        -0.0010650397456868203,
                        4.315059204826013e-06,
                        0.9999981144078837
                    ],
                    [
                        -0.0007222913386323851,
                        -0.0004737399854044324,
                        1.919635183496683e-06,
                        0.999999626930912
                    ],
                    [
                        -0.00018061934493594702,
                        -0.0001184659856700972,
                        4.800589944118101e-07,
                        0.9999999766711157
                    ]
                ],
                "relative_displacement": [
                    -0.0019227733644671119,
                    -0.0015958606552338717,
                    -0.0028748094796556267
                ],
                "rotation_matrix": [
                    [
                        0.9990775547070895,
                        0.000814450016517304,
                        -0.04293455894350475
                    ],
                    [
                        -0.0025242050439315323,
                        0.9992051469745951,
                        -0.03978319555256976
                    ],
                    [
                        0.042868030855159174,
                        0.03985487336133953,
                        0.9982854907289561
                    ]
                ],
                "local_coordinate_system": [
                    [
                        -0.32054200858240944,
                        -0.7853089792204045,
                        -0.5296627491996778
                    ],
                    [
                        0.8555310877710403,
                        2.775557561562892e-17,
                        -0.5177514440900194
                    ],
                    [
                        0.4065948580482235,
                        -0.619104035809658,
                        0.671856245228798
                    ]
                ]
            },
            {
                "bar_id": "9",
                "deformed_position": [
                    0.40419957088234054,
                    0.2590680965349115,
                    0.3145170252125617
                ],
                "deformed_quaternion": [
                    0.6939112634896001,
                    0.7010172267147341,
                    0.1433609533466773,
                    0.0806823605689725
                ],
                "deformed_link_quaternion": [
                    [
                        -0.0018660968288813304,
                        0.0005105397366907112,
                        8.548588826695773e-06,
                        0.9999981284776108
                    ],
                    [
                        -0.0008318028600995286,
                        0.00022756144749294253,
                        3.810986549464206e-06,
                        0.9999996281525639
                    ],
                    [
                        -0.00020814364486332676,
                        5.694229476231678e-05,
                        9.53679124550688e-07,
                        0.9999999767164441
                    ],
                    [
                        0.0032979544233918273,
                        -0.0009023456136619105,
                        -1.5104385645154284e-05,
                        0.9999941545033513
                    ],
                    [
                        0.005102140434448192,
                        -0.0013961556838150897,
                        -2.3359691527741802e-05,
                        0.9999860090854364
                    ],
                    [
                        0.007237520748293676,
                        -0.0019808354135258687,
                        -3.3124024892644976e-05,
                        0.9999718463473267
                    ]
                ],
                "relative_displacement": [
                    -0.0041417303502358505,
                    -0.0017310134008490241,
                    -0.0013618548113946138
                ],
                "rotation_matrix": [
                    [
                        0.998664881753731,
                        -0.0019121762998637543,
                        -0.051621676973968154
                    ],
                    [
                        0.0009285776755873555,
                        0.9998176960100915,
                        -0.01907124769312976
                    ],
                    [
                        0.05164873372413766,
                        0.01899785058554114,
                        0.9984845967654297
                    ]
                ],
                "local_coordinate_system": [
                    [
                        -0.018564631572780953,
                        0.9646467228667339,
                        0.2628917163340024
                    ],
                    [
                        0.9975159045586911,
                        0.0,
                        0.07044160810526932
                    ],
                    [
                        0.06795126641221082,
                        0.26354639072176783,
                        -0.962250448339987
                    ]
                ]
            }
        ],
        "joint_deformations": [
            {
                "node_id": "1",
                "deformed_position": [
                    0.339580064959393,
                    0.17168909772084012,
                    0.3142055234944219
                ]
            },
            {
                "node_id": "6",
                "deformed_position": [
                    0.3661330740549105,
                    0.2482096057019898,
                    0.42824971576877907
                ]
            },
            {
                "node_id": "9",
                "deformed_position": [
                    0.4400000005960465,
                    0.2692820310592652,
                    0.19999999999752657
                ]
            }
        ]
    },
    {
        "sequence_index": 2,
        "bar_deformations": [
            {
                "bar_id": "15",
                "deformed_position": [
                    0.390279468996394,
                    0.22044036636082937,
                    0.2574937613503176
                ],
                "deformed_quaternion": [
                    -0.045829923195203695,
                    -0.4314394435926876,
                    0.6957291495652955,
                    0.5724688420320397
                ],
                "deformed_link_quaternion": [
                    [
                        0.002891260970347427,
                        0.00190106326175584,
                        6.4731668766441235e-06,
                        0.9999940132453665
                    ],
                    [
                        0.004505124635748151,
                        0.002962294011263007,
                        1.0082591666756144e-05,
                        0.9999854641766291
                    ],
                    [
                        0.006460230983959263,
                        0.004248027588040039,
                        1.4451640493903785e-05,
                        0.9999701092874703
                    ],
                    [
                        -0.0016290082763180023,
                        -0.0010710881323206334,
                        -3.6480883110848413e-06,
                        0.9999980995426642
                    ],
                    [
                        -0.000724591389213153,
                        -0.00047642144348088465,
                        -1.622918549778789e-06,
                        0.9999996239935759
                    ],
                    [
                        -0.00018119461544749253,
                        -0.00011913572593686275,
                        -4.0585626780026415e-07,
                        0.9999999764875125
                    ]
                ],
                "relative_displacement": [
                    -0.0018618895579692873,
                    -0.002059290316416773,
                    -0.003213032911614788
                ],
                "rotation_matrix": [
                    [
                        0.9990093384945564,
                        -0.002415350768879548,
                        -0.04443543272358355
                    ],
                    [
                        0.00040101623853541356,
                        0.9989740326088011,
                        -0.04528489107071423
                    ],
                    [
                        0.04449922231506162,
                        0.04522220974226376,
                        0.9979853560846379
                    ]
                ],
                "local_coordinate_system": [
                    [
                        -0.32054200858240944,
                        -0.7853089792204045,
                        -0.5296627491996778
                    ],
                    [
                        0.8555310877710403,
                        2.775557561562892e-17,
                        -0.5177514440900194
                    ],
                    [
                        0.4065948580482235,
                        -0.619104035809658,
                        0.671856245228798
                    ]
                ]
            },
            {
                "bar_id": "9",
                "deformed_position": [
                    0.4043142094891226,
                    0.2581076654203242,
                    0.31446302665388404
                ],
                "deformed_quaternion": [
                    0.6934165289450945,
                    0.7013307918126958,
                    0.14598613885474354,
                    0.07743826640232576
                ],
                "deformed_link_quaternion": [
                    [
                        -0.001861737640296002,
                        0.0005562564512087873,
                        2.2194982818499352e-05,
                        0.9999981120077688
                    ],
                    [
                        -0.0008298626664686534,
                        0.00024792535038922157,
                        9.894640294995712e-06,
                        0.9999996248814654
                    ],
                    [
                        -0.0002076584050558261,
                        6.20366451707031e-05,
                        2.4760864245710795e-06,
                        0.999999976511655
                    ],
                    [
                        0.003290229323824856,
                        -0.0009832481274879437,
                        -3.921567702029966e-05,
                        0.9999941030207363
                    ],
                    [
                        0.005090137336726067,
                        -0.0015215853788299843,
                        -6.0648265878371375e-05,
                        0.9999858857012014
                    ],
                    [
                        0.007220387503687465,
                        -0.002159312658010369,
                        -8.599788963360413e-05,
                        0.9999715975854037
                    ]
                ],
                "relative_displacement": [
                    -0.004027091743453781,
                    -0.002691444515436292,
                    -0.001415853370072273
                ],
                "rotation_matrix": [
                    [
                        0.9987017158252496,
                        -0.004375359011095795,
                        -0.05075173929262588
                    ],
                    [
                        0.002997227314679234,
                        0.9996255518138754,
                        -0.02719876447983247
                    ],
                    [
                        0.050851739755162585,
                        0.0270113382550602,
                        0.9983408677248188
                    ]
                ],
                "local_coordinate_system": [
                    [
                        -0.018564631572780953,
                        0.9646467228667339,
                        0.2628917163340024
                    ],
                    [
                        0.9975159045586911,
                        0.0,
                        0.07044160810526932
                    ],
                    [
                        0.06795126641221082,
                        0.26354639072176783,
                        -0.962250448339987
                    ]
                ]
            },
            {
                "bar_id": "14",
                "deformed_position": [
                    0.44568281114744274,
                    0.22117115098237128,
                    0.28826421094586874
                ],
                "deformed_quaternion": [
                    0.2537467174887043,
                    0.02845780645112083,
                    0.005799339040706721,
                    0.9668345899285923
                ],
                "deformed_link_quaternion": [
                    [
                        -0.0030117700453715862,
                        -0.00032968499862725365,
                        -3.9506062957442554e-05,
                        0.9999954094835969
                    ],
                    [
                        -0.004680979319761896,
                        -0.0005120133285423558,
                        -6.138327221262378e-05,
                        0.9999889111920458
                    ],
                    [
                        -0.006686752019297621,
                        -0.0007305837714370378,
                        -8.765519901914998e-05,
                        0.9999773726996785
                    ],
                    [
                        0.0016994857786119175,
                        0.00018612252987767732,
                        2.2297113355101188e-05,
                        0.9999985383035972
                    ],
                    [
                        0.0007565088556836955,
                        8.287075383915321e-05,
                        9.926460232117737e-06,
                        0.9999997103640854
                    ],
                    [
                        0.00018922114677989948,
                        2.072988312160588e-05,
                        2.482956715107891e-06,
                        0.9999999818797322
                    ]
                ],
                "relative_displacement": [
                    -0.0009045770700065181,
                    -0.0034133189618674176,
                    -0.0017211954529045004
                ],
                "rotation_matrix": [
                    [
                        0.9999669284586795,
                        0.006211866762264364,
                        -0.005249257113340678
                    ],
                    [
                        -0.006477287620499551,
                        0.9986178207436478,
                        -0.052158343899024906
                    ],
                    [
                        0.0049180010162062525,
                        0.05219061989031651,
                        0.9986250309608051
                    ]
                ],
                "local_coordinate_system": [
                    [
                        0.9978576904248655,
                        0.0,
                        0.06542193561759922
                    ],
                    [
                        0.029103738352899686,
                        0.8955990898982906,
                        -0.44390904765192557
                    ],
                    [
                        -0.05859182599850643,
                        0.44486207994540683,
                        0.8936804393925197
                    ]
                ]
            }
        ],
        "joint_deformations": [
            {
                "node_id": "1",
                "deformed_position": [
                    0.3397048506121423,
                    0.17076263852804818,
                    0.313517445629952
                ]
            },
            {
                "node_id": "6",
                "deformed_position": [
                    0.3663698642856958,
                    0.2462312629988731,
                    0.4281347783172041
                ]
            },
            {
                "node_id": "8",
                "deformed_position": [
                    0.4515615700222332,
                    0.17145987347044866,
                    0.3756303164361313
                ]
            },
            {
                "node_id": "9",
                "deformed_position": [
                    0.4400000005960465,
                    0.2692820310592652,
                    0.199999999996345
                ]
            }
        ]
    },
    {
        "sequence_index": 3,
        "bar_deformations": [
            {
                "bar_id": "15",
                "deformed_position": [
                    0.39037209558080677,
                    0.22225709048126566,
                    0.25907431556254434
                ],
                "deformed_quaternion": [
                    -0.05363920504850197,
                    -0.41436623992433425,
                    0.6988475967933485,
                    0.580547578884707
                ],
                "deformed_link_quaternion": [
                    [
                        0.0012857801910676585,
                        -0.0012009161077490191,
                        3.96963579991573e-05,
                        0.9999984514958019
                    ],
                    [
                        0.0024213205935395047,
                        -0.0012232604553156212,
                        4.235533843107699e-05,
                        0.9999963195164606
                    ],
                    [
                        0.0039011790993060493,
                        -0.0010212092043855039,
                        4.320962344314721e-05,
                        0.9999918680000975
                    ],
                    [
                        -0.000499112088531611,
                        0.0009539330717792127,
                        -3.188577033001958e-05,
                        0.9999994199408894
                    ],
                    [
                        -6.28789331435651e-05,
                        0.0004823036435460625,
                        -1.6611424722238655e-05,
                        0.9999998815767409
                    ],
                    [
                        2.3344848670951672e-05,
                        -0.0002143987427879738,
                        7.400653612664583e-06,
                        0.9999999767167135
                    ]
                ],
                "relative_displacement": [
                    -0.0017692629735565069,
                    -0.00024256619598048146,
                    -0.0016324786993880402
                ],
                "rotation_matrix": [
                    [
                        0.9994826866579102,
                        0.013996945889604566,
                        -0.02895590746029279
                    ],
                    [
                        -0.014294250400444212,
                        0.9998469608529398,
                        -0.010086093328389297
                    ],
                    [
                        0.028810301570357747,
                        0.010494778649550474,
                        0.9995298025294302
                    ]
                ],
                "local_coordinate_system": [
                    [
                        -0.32054200858240944,
                        -0.7853089792204045,
                        -0.5296627491996778
                    ],
                    [
                        0.8555310877710403,
                        2.775557561562892e-17,
                        -0.5177514440900194
                    ],
                    [
                        0.4065948580482235,
                        -0.619104035809658,
                        0.671856245228798
                    ]
                ]
            },
            {
                "bar_id": "9",
                "deformed_position": [
                    0.4045074379298512,
                    0.2589760975759995,
                    0.31460470724533673
                ],
                "deformed_quaternion": [
                    0.6939832145502457,
                    0.7012317103159205,
                    0.14265686941906014,
                    0.07943805119380679
                ],
                "deformed_link_quaternion": [
                    [
                        -0.001850855415355897,
                        0.0005132225776255247,
                        1.1003777392479052e-05,
                        0.9999981554061659
                    ],
                    [
                        -0.0008250123072658994,
                        0.000228754235088721,
                        4.905577262784753e-06,
                        0.9999996335009969
                    ],
                    [
                        -0.00020644468340436223,
                        5.724052205210456e-05,
                        1.2275969720862355e-06,
                        0.999999977051304
                    ],
                    [
                        0.0032709934387966195,
                        -0.0009071107829957289,
                        -1.9441981650414678e-05,
                        0.9999942386703836
                    ],
                    [
                        0.005060367434280653,
                        -0.0014035880129620074,
                        -3.0067016284158943e-05,
                        0.9999862107639758
                    ],
                    [
                        0.007178134199302012,
                        -0.0019915032319619366,
                        -4.263348996161472e-05,
                        0.9999722528583878
                    ]
                ],
                "relative_displacement": [
                    -0.003833863302725171,
                    -0.0018230123597610115,
                    -0.0012741727786195756
                ],
                "rotation_matrix": [
                    [
                        0.9988039604472907,
                        -0.002298315305061097,
                        -0.04884021234152824
                    ],
                    [
                        0.0013332918609242485,
                        0.9998034243406465,
                        -0.01978218919965271
                    ],
                    [
                        0.04887607725278941,
                        0.01969341066132997,
                        0.9986106842252909
                    ]
                ],
                "local_coordinate_system": [
                    [
                        -0.018564631572780953,
                        0.9646467228667339,
                        0.2628917163340024
                    ],
                    [
                        0.9975159045586911,
                        0.0,
                        0.07044160810526932
                    ],
                    [
                        0.06795126641221082,
                        0.26354639072176783,
                        -0.962250448339987
                    ]
                ]
            },
            {
                "bar_id": "14",
                "deformed_position": [
                    0.44576471328362377,
                    0.22176477522369692,
                    0.2885800592853681
                ],
                "deformed_quaternion": [
                    0.2504304110302576,
                    0.028824666479281086,
                    0.006000579361278783,
                    0.9676867989597169
                ],
                "deformed_link_quaternion": [
                    [
                        -0.0029756791853025135,
                        -0.000330173651212399,
                        -3.460570530431009e-05,
                        0.9999955175505495
                    ],
                    [
                        -0.004624786149216884,
                        -0.0005128267997562881,
                        -5.3771074339619236e-05,
                        0.9999891726765942
                    ],
                    [
                        -0.006606269088290324,
                        -0.0007318598767905282,
                        -7.678842560824751e-05,
                        0.9999779076026588
                    ],
                    [
                        0.0016791422177553953,
                        0.0001863863120350491,
                        1.953093212878563e-05,
                        0.9999985726790304
                    ],
                    [
                        0.0007474579782382773,
                        8.298542362477348e-05,
                        8.694878868765555e-06,
                        0.9999997171721546
                    ],
                    [
                        0.00018695764932259048,
                        2.0758315959360377e-05,
                        2.1748848076188873e-06,
                        0.9999999823055996
                    ]
                ],
                "relative_displacement": [
                    -0.0008226749338254846,
                    -0.0028196947205417766,
                    -0.0014053471134051199
                ],
                "rotation_matrix": [
                    [
                        0.9999739513272166,
                        0.005483977744262713,
                        -0.004692830183787909
                    ],
                    [
                        -0.005691136471764195,
                        0.9989557481688272,
                        -0.04533237437106789
                    ],
                    [
                        0.004439327955129583,
                        0.045357901059896163,
                        0.9989609367631687
                    ]
                ],
                "local_coordinate_system": [
                    [
                        0.9978576904248655,
                        0.0,
                        0.06542193561759922
                    ],
                    [
                        0.029103738352899686,
                        0.8955990898982906,
                        -0.44390904765192557
                    ],
                    [
                        -0.05859182599850643,
                        0.44486207994540683,
                        0.8936804393925197
                    ]
                ]
            },
            {
                "bar_id": "18",
                "deformed_position": [
                    0.39040347293800454,
                    0.1531982811194808,
                    0.25929870851335046
                ],
                "deformed_quaternion": [
                    -0.3371503808110027,
                    -0.14755651899821254,
                    0.6259662487586135,
                    0.6875485072598119
                ],
                "deformed_link_quaternion": [
                    [
                        0.0023498032882486235,
                        5.11605526226063e-05,
                        -1.1357983271725783e-06,
                        0.9999972378990926
                    ],
                    [
                        0.003860296816326716,
                        0.00010365585563113515,
                        -2.5471246174839095e-06,
                        0.9999925436509343
                    ],
                    [
                        0.005604866971970113,
                        7.331270950192864e-05,
                        -1.6131624695197883e-06,
                        0.9999842899210322
                    ],
                    [
                        -0.0010827518091446825,
                        8.459115264223802e-05,
                        -3.743437489811802e-06,
                        0.9999994102392478
                    ],
                    [
                        -6.514995868384383e-05,
                        0.00030389017168883054,
                        -1.2660151741228898e-05,
                        0.9999999516229824
                    ],
                    [
                        0.0006997545247614589,
                        0.0006070904291271917,
                        -2.562585082064974e-05,
                        0.9999995705639737
                    ]
                ],
                "relative_displacement": [
                    -0.0017378856163587364,
                    -1.9344498500162288e-05,
                    -0.001408085748581922
                ],
                "rotation_matrix": [
                    [
                        0.9992440975578988,
                        -0.008759221834968913,
                        -0.037874919518673965
                    ],
                    [
                        0.009006262480359002,
                        0.9999392370272525,
                        0.006356845875960748
                    ],
                    [
                        0.037816937102773195,
                        -0.0066931521872467,
                        0.9992622683670004
                    ]
                ],
                "local_coordinate_system": [
                    [
                        0.17301551316978883,
                        -0.7853089792204047,
                        -0.5944370777116791
                    ],
                    [
                        0.9601570064622181,
                        0.0,
                        0.2794611295717382
                    ],
                    [
                        -0.2194633343957629,
                        -0.6191040358096579,
                        0.7540199186361639
                    ]
                ]
            }
        ],
        "joint_deformations": [
            {
                "node_id": "1",
                "deformed_position": [
                    0.34000263838229644,
                    0.17571497978889325,
                    0.3179054017642193
                ]
            },
            {
                "node_id": "2",
                "deformed_position": [
                    0.4400000005960712,
                    0.1307179689405212,
                    0.19999999999882714
                ]
            },
            {
                "node_id": "6",
                "deformed_position": [
                    0.3667656996603072,
                    0.24802169796532733,
                    0.4284363946738417
                ]
            },
            {
                "node_id": "8",
                "deformed_position": [
                    0.45172632180487826,
                    0.1726606035239864,
                    0.3762832382314964
                ]
            },
            {
                "node_id": "9",
                "deformed_position": [
                    0.4400000005960218,
                    0.26928203105947884,
                    0.19999999999657309
                ]
            }
        ]
    },
    {
        "sequence_index": 4,
        "bar_deformations": [
            {
                "bar_id": "15",
                "deformed_position": [
                    0.3904535315548463,
                    0.22225342517973481,
                    0.25914002603498654
                ],
                "deformed_quaternion": [
                    -0.05313118913884401,
                    -0.4137622055155905,
                    0.699207667373821,
                    0.5805915534291098
                ],
                "deformed_link_quaternion": [
                    [
                        0.0011593586212355566,
                        -0.001211256907159094,
                        3.803737762374701e-05,
                        0.9999985936477361
                    ],
                    [
                        0.0022312457108351097,
                        -0.0012257037785311047,
                        4.035211517810854e-05,
                        0.9999967587770132
                    ],
                    [
                        0.0036477872597208715,
                        -0.0010154842056928994,
                        4.1010078156141364e-05,
                        0.9999928303533527
                    ],
                    [
                        -0.00043621635420441397,
                        0.0009719107068418654,
                        -3.0850118616751144e-05,
                        0.999999432076409
                    ],
                    [
                        -6.308205441250786e-05,
                        0.0005076734264931725,
                        -1.654477924162053e-05,
                        0.9999998690072998
                    ],
                    [
                        -3.939376071597016e-05,
                        -0.00018186196543275385,
                        6.151693921982205e-06,
                        0.9999999826682567
                    ]
                ],
                "relative_displacement": [
                    -0.0016878269995169726,
                    -0.00024623149751132334,
                    -0.0015667682269458472
                ],
                "rotation_matrix": [
                    [
                        0.999534343424714,
                        0.013299404356450252,
                        -0.027463105401420735
                    ],
                    [
                        -0.013566392379835042,
                        0.9998622858895138,
                        -0.009558360402956342
                    ],
                    [
                        0.027332202844305587,
                        0.009926484753430194,
                        0.9995771183796265
                    ]
                ],
                "local_coordinate_system": [
                    [
                        -0.32054200858240944,
                        -0.7853089792204045,
                        -0.5296627491996778
                    ],
                    [
                        0.8555310877710403,
                        2.775557561562892e-17,
                        -0.5177514440900194
                    ],
                    [
                        0.4065948580482235,
                        -0.619104035809658,
                        0.671856245228798
                    ]
