[
    {
        "sequence_index": 0,
        "bar_deformations": [
            {
                "bar_id": "15",
                "deformed_position": [
                    0.39172697324334393,
                    0.22209459025793055,
                    0.26006175939290566
                ],
                "deformed_quaternion": [
                    -0.04406563702052869,
                    -0.4070619919941447,
                    0.7042532960505072,
                    0.5799879734181826
                ],
                "relative_displacement": [
                    -0.0004143853110193385,
                    -0.00040506641931559173,
                    -0.0006450348690267282
                ],
                "rotation_matrix": [
                    [
                        0.9999764536719513,
                        -2.3016807958458402e-05,
                        -0.006862329917329685
                    ],
                    [
                        -2.3016806338531987e-05,
                        0.9999775008056366,
                        -0.006708006614464016
                    ],
                    [
                        0.006862329917335118,
                        0.006708006614458458,
                        0.999953954477588
                    ]
                ],
                "local_coordinate_system": [
                    [
                        -0.32054200858241,
                        -0.785308979220404,
                        -0.5296627491996783
                    ],
                    [
                        0.8555310877710403,
                        -2.7755575615628914e-17,
                        -0.5177514440900196
                    ],
                    [
                        0.4065948580482234,
                        -0.6191040358096587,
                        0.6718562452287974
                    ]
                ]
            }
        ],
        "joint_deformations": [
            {
                "node_id": "1",
                "deformed_position": [
                    0.3434539458906413,
                    0.17490714945659594,
                    0.32012351878803796
                ]
            },
            {
                "node_id": "9",
                "deformed_position": [
                    0.4400000005960465,
                    0.2692820310592652,
                    0.19999999999888668
                ]
            }
        ]
    },
    {
        "sequence_index": 1,
        "bar_deformations": [
            {
                "bar_id": "15",
                "deformed_position": [
                    0.3915427961142508,
                    0.2220441175104561,
                    0.2598734794283798
                ],
                "deformed_quaternion": [
                    -0.04466836315608547,
                    -0.40827423650562283,
                    0.7036803586788328,
                    0.5797851653400043
                ],
                "relative_displacement": [
                    -0.0005985624401124712,
                    -0.00045553916679003104,
                    -0.0008333148335525897
                ],
                "rotation_matrix": [
                    [
                        0.9999561343623022,
                        0.0007213824108036219,
                        -0.009338573692952773
                    ],
                    [
                        -0.0007975829821522828,
                        0.9999663998703486,
                        -0.008158614571147913
                    ],
                    [
                        0.009332374434617778,
                        0.008165704975772093,
                        0.9999231110688765
                    ]
                ],
                "local_coordinate_system": [
                    [
                        -0.32054200858241,
                        -0.785308979220404,
                        -0.5296627491996783
                    ],
                    [
                        0.8555310877710403,
                        -2.7755575615628914e-17,
                        -0.5177514440900196
                    ],
                    [
                        0.4065948580482234,
                        -0.6191040358096587,
                        0.6718562452287974
                    ]
                ]
            },
            {
                "bar_id": "9",
                "deformed_position": [
                    0.4072277227050734,
                    0.2602187214139111,
                    0.3155248069559764
                ],
                "deformed_quaternion": [
                    0.6964478312215685,
                    0.7032891037037036,
                    0.12374804002701235,
                    0.07093149926434456
                ],
                "relative_displacement": [
                    -0.0011135785275029897,
                    -0.0005803885218493843,
                    -0.0003540730679799098
                ],
                "rotation_matrix": [
                    [
                        0.999953045363597,
                        -0.0006390563779088906,
                        -0.009669471289266018
                    ],
                    [
                        0.0005922022290571639,
                        0.9999880746607125,
                        -0.004847662620393074
                    ],
                    [
                        0.009672453907255676,
                        0.004841708717706021,
                        0.999941499034871
                    ]
                ],
                "local_coordinate_system": [
                    [
                        -0.018564631572781144,
                        0.9646467228667337,
                        0.2628917163340036
                    ],
                    [
                        0.9975159045586911,
                        0.0,
                        0.07044160810526973
                    ],
                    [
                        0.06795126641221118,
                        0.263546390721769,
                        -0.9622504483399867
                    ]
                ]
            }
        ],
        "joint_deformations": [
            {
                "node_id": "1",
                "deformed_position": [
                    0.3430855916324551,
                    0.17480620396164706,
                    0.31974695886047005
                ]
            },
            {
                "node_id": "6",
                "deformed_position": [
                    0.3744554448141003,
                    0.2511554117685571,
                    0.4310496139160337
                ]
            },
            {
                "node_id": "9",
                "deformed_position": [
                    0.4400000005960465,
                    0.2692820310592652,
                    0.1999999999974029
                ]
            }
        ]
    },
    {
        "sequence_index": 2,
        "bar_deformations": [
            {
                "bar_id": "15",
                "deformed_position": [
                    0.3915725880354113,
                    0.22182695083145373,
                    0.2597256708249301
                ],
                "deformed_quaternion": [
                    -0.04388950173275293,
                    -0.40935894110808185,
                    0.7035850077141836,
                    0.5791952226083645
                ],
                "relative_displacement": [
                    -0.0005687705189519887,
                    -0.000672705845792404,
                    -0.0009811234370022959
                ],
                "rotation_matrix": [
                    [
                        0.9999499591237262,
                        -0.0007372549616741635,
                        -0.009976758169850495
                    ],
                    [
                        0.0006312188522967138,
                        0.9999433295151808,
                        -0.010627291322569432
                    ],
                    [
                        0.009984027805384809,
                        0.010620462005757619,
                        0.9998937568439785
                    ]
                ],
                "local_coordinate_system": [
                    [
                        -0.32054200858241,
                        -0.785308979220404,
                        -0.5296627491996783
                    ],
                    [
                        0.8555310877710403,
                        -2.7755575615628914e-17,
                        -0.5177514440900196
                    ],
                    [
                        0.4065948580482234,
                        -0.6191040358096587,
                        0.6718562452287974
                    ]
                ]
            },
            {
                "bar_id": "9",
                "deformed_position": [
                    0.40728400903089057,
                    0.2597975157490454,
                    0.3155069464025809
                ],
                "deformed_quaternion": [
                    0.6962506346589882,
                    0.703431618793622,
                    0.1248252126346665,
                    0.0695534162284715
                ],
                "relative_displacement": [
                    -0.0010572922016858222,
                    -0.0010015941867150824,
                    -0.00037193362137538655
                ],
                "rotation_matrix": [
                    [
                        0.9999558932328105,
                        -0.0016061248133942118,
                        -0.009253753403658457
                    ],
                    [
                        0.0015299959603568918,
                        0.9999649787688925,
                        -0.008228022125007665
                    ],
                    [
                        0.009266644556322028,
                        0.008213501008225634,
                        0.9999233309108526
                    ]
                ],
                "local_coordinate_system": [
                    [
                        -0.018564631572781144,
                        0.9646467228667337,
                        0.2628917163340036
                    ],
                    [
                        0.9975159045586911,
                        0.0,
                        0.07044160810526973
                    ],
                    [
                        0.06795126641221118,
                        0.263546390721769,
                        -0.9622504483399867
                    ]
                ]
            },
            {
                "bar_id": "14",
                "deformed_position": [
                    0.4460995946501988,
                    0.223557549972979,
                    0.28950254256382224
                ],
                "deformed_quaternion": [
                    0.23384744721478606,
                    0.029544752307517613,
                    0.006744213101648091,
                    0.9718009027737393
                ],
                "relative_displacement": [
                    -0.00048779356725042744,
                    -0.0010269199712596988,
                    -0.00048286383495099727
                ],
                "rotation_matrix": [
                    [
                        0.9999879669301543,
                        0.002795150336492898,
                        -0.004031517021320216
                    ],
                    [
                        -0.0028403010490009157,
                        0.9999328230169618,
                        -0.011237532793305667
                    ],
                    [
                        0.003999835602601097,
                        0.011248848293313391,
                        0.9999287298238942
                    ]
                ],
                "local_coordinate_system": [
                    [
                        0.9978576904248655,
                        -3.469446951953614e-18,
                        0.06542193561759924
                    ],
                    [
                        0.02910373835289968,
                        0.8955990898982907,
                        -0.44390904765192535
                    ],
                    [
                        -0.058591825998506444,
                        0.4448620799454066,
                        0.8936804393925198
                    ]
                ]
            }
        ],
        "joint_deformations": [
            {
                "node_id": "1",
                "deformed_position": [
                    0.3431451754747761,
                    0.1743718706036423,
                    0.31945134165481126
                ]
            },
            {
                "node_id": "6",
                "deformed_position": [
                    0.3745680174657347,
                    0.25031300043882565,
                    0.4310138928104834
                ]
            },
            {
                "node_id": "8",
                "deformed_position": [
                    0.45219918870435116,
                    0.17783306888669284,
                    0.37900508513272285
                ]
            },
            {
                "node_id": "9",
                "deformed_position": [
                    0.4400000005960465,
                    0.2692820310592652,
                    0.19999999999616225
                ]
            }
        ]
    },
    {
        "sequence_index": 3,
        "bar_deformations": [
            {
                "bar_id": "15",
                "deformed_position": [
                    0.3916292151100056,
                    0.22249965359383025,
                    0.26029951191525263
                ],
                "deformed_quaternion": [
                    -0.04569266875821673,
                    -0.40526262866708396,
                    0.7042992571177429,
                    0.5810653476597901
                ],
                "relative_displacement": [
                    -0.0005121434443576822,
                    -3.0834158837311776e-09,
                    -0.0004072823466797493
                ],
                "rotation_matrix": [
                    [
                        0.9999765014032753,
                        0.0029273731704210406,
                        -0.006198961815214563
                    ],
                    [
                        -0.00294183239186312,
                        0.9999929706925705,
                        -0.0023246908667315705
                    ],
                    [
                        0.0061921130031334275,
                        0.0023428725464223047,
                        0.9999780841022405
                    ]
                ],
                "local_coordinate_system": [
                    [
                        -0.32054200858241,
                        -0.785308979220404,
                        -0.5296627491996783
                    ],
                    [
                        0.8555310877710403,
                        -2.7755575615628914e-17,
                        -0.5177514440900196
                    ],
                    [
                        0.4065948580482234,
                        -0.6191040358096587,
                        0.6718562452287974
                    ]
                ]
            },
            {
                "bar_id": "9",
                "deformed_position": [
                    0.407409720370246,
                    0.26039137836834325,
                    0.3155896912823739
                ],
                "deformed_quaternion": [
                    0.6965921017794015,
                    0.7033377469708073,
                    0.12268422996704616,
                    0.07088044259157458
                ],
                "relative_displacement": [
                    -0.0009315808623304167,
                    -0.0004077315674172466,
                    -0.0002891887415824024
                ],
                "rotation_matrix": [
                    [
                        0.999967336404196,
                        -0.0003590086350580394,
                        -0.008074480633298256
                    ],
                    [
                        0.0003313338366111185,
                        0.9999940677281501,
                        -0.003428516646687205
                    ],
                    [
                        0.008075663600365695,
                        0.0034257293103583776,
                        0.999961523277824
                    ]
                ],
                "local_coordinate_system": [
                    [
                        -0.018564631572781144,
                        0.9646467228667337,
                        0.2628917163340036
                    ],
                    [
                        0.9975159045586911,
                        0.0,
                        0.07044160810526973
                    ],
                    [
                        0.06795126641221118,
                        0.263546390721769,
                        -0.9622504483399867
                    ]
                ]
            },
            {
                "bar_id": "14",
                "deformed_position": [
                    0.44616394663298997,
                    0.2239891057100789,
                    0.28971730616019153
                ],
                "deformed_quaternion": [
                    0.23151846530389797,
                    0.029837397158187628,
                    0.006893363843290727,
                    0.9723484002604603
                ],
                "relative_displacement": [
                    -0.00042344158445928315,
                    -0.0005953642341597898,
                    -0.0002681002385817033
                ],
                "rotation_matrix": [
                    [
                        0.999991037710017,
                        0.002242038505825658,
                        -0.0035913455670385447
                    ],
                    [
                        -0.0022652137620891564,
                        0.9999765549667605,
                        -0.006462068045242342
                    ],
                    [
                        0.003576773162437652,
                        0.0064701452957175035,
                        0.9999726715833772
                    ]
                ],
                "local_coordinate_system": [
                    [
                        0.9978576904248655,
                        -3.469446951953614e-18,
                        0.06542193561759924
                    ],
                    [
                        0.02910373835289968,
                        0.8955990898982907,
                        -0.44390904765192535
                    ],
                    [
                        -0.058591825998506444,
                        0.4448620799454066,
                        0.8936804393925198
                    ]
                ]
            },
            {
                "bar_id": "18",
                "deformed_position": [
                    0.39162921511008986,
                    0.15321762253434557,
                    0.2602995119163432
                ],
                "deformed_quaternion": [
                    -0.3264702642928858,
                    -0.13761014698410437,
                    0.6281344014419539,
                    0.6927682063321792
                ],
                "relative_displacement": [
                    -0.0005121434442734163,
                    -3.0836354025787216e-09,
                    -0.0004072823455891772
                ],
                "rotation_matrix": [
                    [
                        0.9999679716667422,
                        -0.0017722071709032428,
                        -0.007804801243131975
                    ],
                    [
                        0.0017832391327754118,
                        0.9999974205503103,
                        0.0014067519046490648
                    ],
                    [
                        0.007802288055226729,
                        -0.001420624675730539,
                        0.9999685525688464
                    ]
                ],
                "local_coordinate_system": [
                    [
                        0.1730155131697889,
                        -0.7853089792204041,
                        -0.5944370777116799
                    ],
                    [
                        0.9601570064622182,
                        0.0,
                        0.2794611295717379
                    ],
                    [
                        -0.21946333439576257,
                        -0.6191040358096587,
                        0.7540199186361636
                    ]
                ]
            }
        ],
        "joint_deformations": [
            {
                "node_id": "1",
                "deformed_position": [
                    0.34325842962404896,
                    0.17571727612817578,
                    0.32059902383506333
                ]
            },
            {
                "node_id": "2",
                "deformed_position": [
                    0.4400000005961307,
                    0.13071796894051532,
                    0.19999999999861506
                ]
            },
            {
                "node_id": "6",
                "deformed_position": [
                    0.37481944014452967,
                    0.2515007256772018,
                    0.4311793825696765
                ]
            },
            {
                "node_id": "8",
                "deformed_position": [
                    0.4523278926700177,
                    0.17869618036067308,
                    0.3794346123250686
                ]
            },
            {
                "node_id": "9",
                "deformed_position": [
                    0.4400000005959623,
                    0.2692820310594847,
                    0.19999999999655518
                ]
            }
        ]
    },
    {
        "sequence_index": 4,
        "bar_deformations": [
            {
                "bar_id": "15",
                "deformed_position": [
                    0.39169500023694803,
                    0.2224996532892342,
                    0.26035222419069665
                ],
                "deformed_quaternion": [
                    -0.04542296008207522,
                    -0.4049329375372087,
                    0.7044881389542234,
                    0.5810873711135738
                ],
                "relative_displacement": [
                    -0.0004463583174152408,
                    -3.3880119265639053e-09,
                    -0.000354570071235738
                ],
                "rotation_matrix": [
                    [
                        0.999982163122499,
                        0.0025521641151515836,
                        -0.00539999029420281
                    ],
                    [
                        -0.002563130314131759,
                        0.9999946651863613,
                        -0.002024836242837581
                    ],
                    [
                        0.0053947937718629106,
                        0.0020386410049006458,
                        0.9999833699332267
                    ]
                ],
                "local_coordinate_system": [
                    [
                        -0.32054200858241,
                        -0.785308979220404,
                        -0.5296627491996783
                    ],
                    [
                        0.8555310877710403,
                        -2.7755575615628914e-17,
                        -0.5177514440900196
                    ],
                    [
                        0.4065948580482234,
                        -0.6191040358096587,
                        0.6718562452287974
                    ]
                ]
            },
            {
                "bar_id": "9",
                "deformed_position": [
                    0.40746481516805544,
                    0.2603972727530183,
                    0.3156056641348873
                ],
                "deformed_quaternion": [
                    0.6966122035683004,
                    0.7033649828990406,
                    0.12249955910115634,
                    0.07073186475112363
                ],
                "relative_displacement": [
                    -0.0008764860645209538,
                    -0.00040183718274217073,
                    -0.00027321588906903393
                ],
                "rotation_matrix": [
                    [
                        0.9999710532866297,
                        -0.000377339628596362,
                        -0.007599355474864168
                    ],
                    [
                        0.00035172211176153964,
                        0.999994252714204,
                        -0.00337206614956354
                    ],
                    [
                        0.007600584213384867,
                        0.0033692956779755967,
                        0.9999654388858896
                    ]
                ],
                "local_coordinate_system": [
                    [
                        -0.018564631572781144,
                        0.9646467228667337,
                        0.2628917163340036
                    ],
                    [
                        0.9975159045586911,
                        0.0,
                        0.07044160810526973
                    ],
                    [
                        0.06795126641221118,
                        0.263546390721769,
                        -0.9622504483399867
                    ]
                ]
            },
            {
                "bar_id": "14",
                "deformed_position": [
                    0.44621028318959643,
                    0.22399670334555127,
                    0.28971794595313677
                ],
                "deformed_quaternion": [
                    0.23148261762684144,
                    0.030061449813512775,
                    0.006947128345195474,
                    0.9723496512980764
                ],
                "relative_displacement": [
                    -0.00037710502785281985,
                    -0.0005877665986874225,
                    -0.0002674604456364693
                ],
                "rotation_matrix": [
                    [
                        0.9999928754504895,
                        0.002034260882540612,
                        -0.0031797532802987777
                    ],
                    [
                        -0.0020545565820957483,
                        0.9999774564158682,
                        -0.006392609584629841
                    ],
                    [
                        0.003166677361647818,
                        0.006399097023197833,
                        0.9999745115310565
                    ]
                ],
                "local_coordinate_system": [
                    [
                        0.9978576904248655,
                        -3.469446951953614e-18,
                        0.06542193561759924
                    ],
                    [
                        0.02910373835289968,
                        0.8955990898982907,
                        -0.44390904765192535
                    ],
                    [
                        -0.058591825998506444,
                        0.4448620799454066,
                        0.8936804393925198
                    ]
                ]
            },
            {
                "bar_id": "18",
                "deformed_position": [
                    0.39169500023701825,
                    0.1532176222297682,
                    0.26035222419164894
                ],
                "deformed_quaternion": [
                    -0.3261068106788982,
                    -0.13728209037330222,
                    0.6282067346796825,
                    0.6929388675739476
                ],
                "relative_displacement": [
                    -0.0004463583173450192,
                    -3.38821276590906e-09,
                    -0.00035457007028344423
                ],
                "rotation_matrix": [
                    [
                        0.9999756913311053,
                        -0.0015451953337990842,
                        -0.006799199824872407
                    ],
                    [
                        0.001553562148811777,
                        0.9999980423573687,
                        0.0012254493381102444
                    ],
                    [
                        0.006797292955869914,
                        -0.0012359825285581663,
                        0.9999761342930447
                    ]
                ],
                "local_coordinate_system": [
                    [
                        0.1730155131697889,
                        -0.7853089792204041,
                        -0.5944370777116799
                    ],
                    [
                        0.9601570064622182,
                        0.0,
                        0.2794611295717379
                    ],
                    [
                        -0.21946333439576257,
                        -0.6191040358096587,
                        0.7540199186361636
                    ]
                ]
            },
            {
                "bar_id": "1",
                "deformed_position": [
                    0.37999999970201076,
                    0.16535898447026504,
                    0.199999999998432
                ],
                "deformed_quaternion": [
                    0.6830127031938243,
                    -0.1830126970345633,
                    0.6830127031938242,
                    0.18301269703456327
                ],
                "relative_displacement": [
                    3.391731340229853e-14,
                    -1.0241807402167069e-13,
                    -1.5680234888293398e-12
                ],
                "rotation_matrix": [
                    [
                        1.0,
                        0.0,
                        0.0
                    ],
                    [
                        0.0,
                        1.0,
                        0.0
                    ],
                    [
                        0.0,
                        0.0,
                        1.0
                    ]
                ],
                "local_coordinate_system": [
                    [
                        0.0,
                        -0.4999999876814779,
                        0.8660254108965405
                    ],
                    [
                        0.0,
                        -0.8660254108965406,
                        -0.49999998768147785
                    ],
                    [
                        1.0,
                        0.0,
                        0.0
                    ]
                ]
            }
        ],
        "joint_deformations": [
            {
                "node_id": "0",
                "deformed_position": [
                    0.31999999880790253,
                    0.19999999999999202,
                    0.1999999999993355
                ]
            },
            {
                "node_id": "1",
                "deformed_position": [
                    0.3433899998779175,
                    0.1757172755189984,
                    0.32070444838590767
                ]
            },
            {
                "node_id": "2",
                "deformed_position": [
                    0.440000000596119,
                    0.13071796894053805,
                    0.1999999999983822
                ]
            },
            {
                "node_id": "6",
                "deformed_position": [
                    0.3749296297401322,
                    0.25151251444656664,
                    0.4312113282746594
                ]
            },
            {
                "node_id": "8",
                "deformed_position": [
                    0.45242056578321427,
                    0.17871137563163256,
                    0.3794358919109152
                ]
            },
            {
                "node_id": "9",
                "deformed_position": [
                    0.4400000005959786,
                    0.26928203105947,
                    0.19999999999659895
                ]
            }
        ]
    },
    {
        "sequence_index": 5,
        "bar_deformations": [
            {
                "bar_id": "15",
                "deformed_position": [
                    0.39165531990425917,
                    0.22249965205875627,
                    0.2603204429457485
                ],
                "deformed_quaternion": [
                    -0.04558563389443861,
                    -0.4051317637843106,
                    0.7043742456157372,
                    0.5810741140927868
                ],
                "relative_displacement": [
                    -0.00048603865010410363,
                    -4.61848986832436e-09,
                    -0.00038635131618386387
                ],
                "rotation_matrix": [
                    [
                        0.9999788418307435,
                        0.002778503891494371,
                        -0.0058818200388911
                    ],
                    [
                        -0.0027915187269044587,
                        0.9999936712005324,
                        -0.0022056704374750313
                    ],
                    [
                        0.005875654350137691,
                        0.0022220429803134372,
                        0.9999802694108276
                    ]
                ],
                "local_coordinate_system": [
                    [
                        -0.32054200858241,
                        -0.785308979220404,
                        -0.5296627491996783
                    ],
                    [
                        0.8555310877710403,
                        -2.7755575615628914e-17,
                        -0.5177514440900196
                    ],
                    [
                        0.4065948580482234,
                        -0.6191040358096587,
                        0.6718562452287974
                    ]
                ]
            },
            {
                "bar_id": "9",
                "deformed_position": [
                    0.40748980999782314,
                    0.25990282096717837,
                    0.3155736297492135
                ],
                "deformed_quaternion": [
                    0.696368710372519,
                    0.7035115412154702,
                    0.12388834589716785,
                    0.06923733343805281
                ],
                "relative_displacement": [
                    -0.0008514912347532544,
                    -0.0008962889685821263,
                    -0.00030525027474281874
                ],
                "rotation_matrix": [
                    [
                        0.999971033686449,
                        -0.0014859746610531843,
                        -0.007464828689350335
                    ],
                    [
                        0.0014311396143403354,
                        0.9999719953859287,
                        -0.007345766351340459
                    ],
                    [
                        0.00747553526236789,
                        0.00733487035951746,
                        0.9999451565207714
                    ]
                ],
                "local_coordinate_system": [
                    [
                        -0.018564631572781144,
                        0.9646467228667337,
                        0.2628917163340036
                    ],
                    [
                        0.9975159045586911,
                        0.0,
                        0.07044160810526973
                    ],
                    [
                        0.06795126641221118,
                        0.263546390721769,
                        -0.9622504483399867
                    ]
                ]
            },
            {
                "bar_id": "14",
                "deformed_position": [
                    0.4458991751529727,
                    0.2238664706356122,
                    0.28967309843241806
                ],
                "deformed_quaternion": [
                    0.23215268973825187,
                    0.02856068491007948,
                    0.006572124316315313,
                    0.97223774001359
                ],
                "relative_displacement": [
                    -0.0006882130644765283,
                    -0.0007179993086264824,
                    -0.0003123079663551742
                ],
                "rotation_matrix": [
                    [
                        0.999976435950478,
                        0.003477704840277214,
                        -0.00591887766584307
                    ],
                    [
                        -0.0035234689933916884,
                        0.9999638449954861,
                        -0.007739112875261506
                    ],
                    [
                        0.005891749318488596,
                        0.007759785492353735,
                        0.9999525353830954
                    ]
                ],
                "local_coordinate_system": [
                    [
                        0.9978576904248655,
                        -3.469446951953614e-18,
                        0.06542193561759924
                    ],
                    [
                        0.02910373835289968,
                        0.8955990898982907,
                        -0.44390904765192535
                    ],
                    [
                        -0.058591825998506444,
                        0.4448620799454066,
                        0.8936804393925198
                    ]
                ]
            },
            {
                "bar_id": "18",
                "deformed_position": [
                    0.3916553199043538,
                    0.15321762099925743,
                    0.2603204429469463
                ],
                "deformed_quaternion": [
                    -0.3263259954693686,
                    -0.13747995765777338,
                    0.628163141426641,
                    0.6928359644795845
                ],
                "relative_displacement": [
                    -0.0004860386500094571,
                    -4.618723542515468e-09,
                    -0.00038635131498609976
                ],
                "rotation_matrix": [
                    [
                        0.9999711629126106,
                        -0.00168215730469997,
                        -0.007405652571074755
                    ],
                    [
                        0.0016920870653866409,
                        0.9999976776071784,
                        0.0013347739931459527
                    ],
                    [
                        0.00740339007241769,
                        -0.0013472665110779302,
                        0.9999716869433772
                    ]
                ],
                "local_coordinate_system": [
                    [
                        0.1730155131697889,
                        -0.7853089792204041,
                        -0.5944370777116799
                    ],
                    [
                        0.9601570064622182,
                        0.0,
