[
    {
        "sequence_index": 0,
        "bar_deformations": [
            {
                "bar_id": "15",
                "deformed_position": [
                    0.3887449020093066,
                    0.21917958120651004,
                    0.2548059951675083
                ],
                "deformed_quaternion": [
                    -0.05120431766839478,
                    -0.4730064755268145,
                    0.6789595642327838,
                    0.5591573142673208
                ],
                "deformed_link_quaternion": [
                    [
                        0.013011501318753496,
                        0.00854526746752433,
                        -2.876546088558951e-13,
                        0.9998788322778618
                    ],
                    [
                        0.020121973349157527,
                        0.013215050292125543,
                        -9.384659415940337e-13,
                        0.9997101923229114
                    ],
                    [
                        0.028508047963734635,
                        0.01872258156390137,
                        -3.033858148931711e-13,
                        0.9994182088299575
                    ],
                    [
                        -0.007362728980198222,
                        -0.0048354518791600245,
                        9.363012796088721e-13,
                        0.9999612035609624
                    ],
                    [
                        -0.003281813956191658,
                        -0.002155322242655274,
                        1.947594262482629e-12,
                        0.9999922921118879
                    ],
                    [
                        -0.0008212016304532074,
                        -0.0005393219125152586,
                        2.35234428198858e-12,
                        0.999999517379762
                    ]
                ],
                "relative_displacement": [
                    -0.0033964565450566586,
                    -0.0033200754707360947,
                    -0.005900799094424092
                ],
                "rotation_matrix": [
                    [
                        0.99366296038495,
                        -0.006194529753177452,
                        -0.11222989334466259
                    ],
                    [
                        -0.006194528882424093,
                        0.9939447761415342,
                        -0.10970601529943609
                    ],
                    [
                        0.11222989339272381,
                        0.10970601525026917,
                        0.9876077365264843
                    ]
                ],
                "local_coordinate_system": [
                    [
                        -0.32054200858240944,
                        -0.7853089792204045,
                        -0.5296627491996778
                    ],
                    [
                        0.8555310877710403,
                        2.775557561562892e-17,
                        -0.5177514440900194
                    ],
                    [
                        0.4065948580482235,
                        -0.619104035809658,
                        0.671856245228798
                    ]
                ]
            }
        ],
        "joint_deformations": [
            {
                "node_id": "1",
                "deformed_position": [
                    0.3339669870792969,
                    0.16563353771282566,
                    0.3027213162671681
                ]
            },
            {
                "node_id": "9",
                "deformed_position": [
                    0.4400000005960465,
                    0.2692820310592652,
                    0.19999999999893972
                ]
            }
        ]
    },
    {
        "sequence_index": 1,
        "bar_deformations": [
            {
                "bar_id": "15",
                "deformed_position": [
                    0.3884975577418885,
                    0.21911728448635062,
                    0.2545151588848031
                ],
                "deformed_quaternion": [
                    -0.05205524331781515,
                    -0.47479303561590147,
                    0.6779933782090805,
                    0.5587367932026663
                ],
                "deformed_link_quaternion": [
                    [
                        0.013048286631278739,
                        0.008566286114686022,
                        -2.2113415150458878e-05,
                        0.9998781728136615
                    ],
                    [
                        0.02018078438558745,
                        0.013247501322181242,
                        -3.405551539090605e-05,
                        0.9997085767815155
                    ],
                    [
                        0.028595351095681655,
                        0.018768431074632032,
                        -4.8064144533702964e-05,
                        0.9994148535921155
                    ],
                    [
                        -0.007383114874042781,
                        -0.004847358377486633,
                        1.2552908915452664e-05,
                        0.9999609955262962
                    ],
                    [
                        -0.0032908037087824873,
                        -0.002160633748333899,
                        5.605457362570861e-06,
                        0.9999922510906445
                    ],
                    [
                        -0.0008234429551974145,
                        -0.0005406520086385543,
                        1.4036445361149845e-06,
                        0.9999995148174498
                    ]
                ],
                "relative_displacement": [
                    -0.0036438008124747845,
                    -0.0033823721908955162,
                    -0.006191635377129301
                ],
                "rotation_matrix": [
                    [
                        0.993238913871729,
                        -0.005474691724013555,
                        -0.1159589915506124
                    ],
                    [
                        -0.007586069174644165,
                        0.993691368730706,
                        -0.11189242719940289
                    ],
                    [
                        0.11584002557572876,
                        0.11201558579333136,
                        0.98693140441167
                    ]
                ],
                "local_coordinate_system": [
                    [
                        -0.32054200858240944,
                        -0.7853089792204045,
                        -0.5296627491996778
                    ],
                    [
                        0.8555310877710403,
                        2.775557561562892e-17,
                        -0.5177514440900194
                    ],
                    [
                        0.4065948580482235,
                        -0.619104035809658,
                        0.671856245228798
                    ]
                ]
            },
            {
                "bar_id": "9",
                "deformed_position": [
                    0.3969305827439248,
                    0.25735207507312724,
                    0.31152967040798396
                ],
                "deformed_quaternion": [
                    0.6837400482635536,
                    0.6906127640875234,
                    0.20450825231597156,
                    0.11717478915966242
                ],
                "deformed_link_quaternion": [
                    [
                        -0.011485856652164981,
                        0.0030519006747203774,
                        2.8336744664505654e-05,
                        0.999929377604372
                    ],
                    [
                        -0.005163243551442612,
                        0.001371730268558343,
                        1.2780467655695903e-05,
                        0.999985729452555
                    ],
                    [
                        -0.0012954486602226565,
                        0.00034414630940800175,
                        3.210833844357407e-06,
                        0.9999991016824851
                    ],
                    [
                        0.019948495926400467,
                        -0.005301888501297941,
                        -4.894417114968641e-05,
                        0.9997869498513483
                    ],
                    [
                        0.029945830007094693,
                        -0.007962149941706602,
                        -7.298195200627512e-05,
                        0.9995198077612703
                    ],
                    [
                        0.0405064230091485,
                        -0.010775739899529915,
                        -9.818844759953337e-05,
                        0.9991211655668447
                    ]
                ],
                "relative_displacement": [
                    -0.011410718488651606,
                    -0.003447034862633258,
                    -0.004349209615972349
                ],
                "rotation_matrix": [
                    [
                        0.9815446485909772,
                        -0.006345602585788351,
                        -0.19112780056872555
                    ],
                    [
                        -0.004275731902991409,
                        0.9984712295048543,
                        -0.05510827494812751
                    ],
                    [
                        0.19118530523842317,
                        0.05490844360285505,
                        0.9800169599971233
                    ]
                ],
                "local_coordinate_system": [
                    [
                        -0.018564631572780953,
                        0.9646467228667339,
                        0.2628917163340024
                    ],
                    [
                        0.9975159045586911,
                        0.0,
                        0.07044160810526932
                    ],
                    [
                        0.06795126641221082,
                        0.26354639072176783,
                        -0.962250448339987
                    ]
                ]
            }
        ],
        "joint_deformations": [
            {
                "node_id": "1",
                "deformed_position": [
                    0.3334828754045026,
                    0.1655196060897742,
                    0.30210031104171226
                ]
            },
            {
                "node_id": "6",
                "deformed_position": [
                    0.3409753174268995,
                    0.24186215384341705,
                    0.4170237950282333
                ]
            },
            {
                "node_id": "9",
                "deformed_position": [
                    0.4400000005960465,
                    0.2692820310592652,
                    0.19999999999752657
                ]
            }
        ]
    },
    {
        "sequence_index": 2,
        "bar_deformations": [
            {
                "bar_id": "15",
                "deformed_position": [
                    0.38853785108576744,
                    0.21886752695210518,
                    0.25432166901381276
                ],
                "deformed_quaternion": [
                    -0.051138329826136766,
                    -0.47613807791980006,
                    0.6777703799964127,
                    0.5579468737944051
                ],
                "deformed_link_quaternion": [
                    [
                        0.013068424228661541,
                        0.008586493607179394,
                        1.3380404714748092e-05,
                        0.9998777366441751
                    ],
                    [
                        0.020211915937397802,
                        0.013280687065296826,
                        2.0624652972841475e-05,
                        0.9997075079141083
                    ],
                    [
                        0.0286394226360339,
                        0.018819464926116823,
                        2.913242160816386e-05,
                        0.9994126326809519
                    ],
                    [
                        -0.007394513391008202,
                        -0.004858360104168613,
                        -7.5904338775303165e-06,
                        0.9999608579595473
                    ],
                    [
                        -0.003295886700991825,
                        -0.002165438679015246,
                        -3.388181663980442e-06,
                        0.9999922239671176
                    ],
                    [
                        -0.0008247157145603159,
                        -0.0005418454924966714,
                        -8.482949840029332e-07,
                        0.9999995131232479
                    ]
                ],
                "relative_displacement": [
                    -0.0036035074685958346,
                    -0.003632129725140959,
                    -0.0063851252481196275
                ],
                "rotation_matrix": [
                    [
                        0.9931312791518635,
                        -0.007412701191376476,
                        -0.1167703482534443
                    ],
                    [
                        -0.006112378425157871,
                        0.9933415807512931,
                        -0.1150440905936062
                    ],
                    [
                        0.11684562978635941,
                        0.11496762940745352,
                        0.9864732854914315
                    ]
                ],
                "local_coordinate_system": [
                    [
                        -0.32054200858240944,
                        -0.7853089792204045,
                        -0.5296627491996778
                    ],
                    [
                        0.8555310877710403,
                        2.775557561562892e-17,
                        -0.5177514440900194
                    ],
                    [
                        0.4065948580482235,
                        -0.619104035809658,
                        0.671856245228798
                    ]
                ]
            },
            {
                "bar_id": "9",
                "deformed_position": [
                    0.3970160983375993,
                    0.2567244278488562,
                    0.31149261486508895
                ],
                "deformed_quaternion": [
                    0.6833466652618322,
                    0.6908381810012411,
                    0.20647477371770953,
                    0.11466521078623036
                ],
                "deformed_link_quaternion": [
                    [
                        -0.011469029323205916,
                        0.0031978437869381897,
                        7.576934112382894e-05,
                        0.9999291121977122
                    ],
                    [
                        -0.005155733962164177,
                        0.0014370086839633042,
                        3.417810202838891e-05,
                        0.9999856760200173
                    ],
                    [
                        -0.0012935701530373545,
                        0.0003604933702125127,
                        8.587009416610269e-06,
                        0.9999990983231197
                    ],
                    [
                        0.01991888563333139,
                        -0.005557719496399586,
                        -0.00013084249557715507,
                        0.9997861434473709
                    ],
                    [
                        0.029900503663734427,
                        -0.008351611587840651,
                        -0.00019505031351846455,
                        0.9995179700335137
                    ],
                    [
                        0.04044355828340408,
                        -0.011312225872257628,
                        -0.0002623596356284453,
                        0.9991177524729573
                    ]
                ],
                "relative_displacement": [
                    -0.011325202894977071,
                    -0.004074682086904313,
                    -0.004386265158867364
                ],
                "rotation_matrix": [
                    [
                        0.9816809796466764,
                        -0.008641801597220266,
                        -0.1903359489563016
                    ],
                    [
                        -0.0031179481880667177,
                        0.9981084803977478,
                        -0.06139820646562288
                    ],
                    [
                        0.19050651589653858,
                        0.06086690909889383,
                        0.979797166140885
                    ]
                ],
                "local_coordinate_system": [
                    [
                        -0.018564631572780953,
                        0.9646467228667339,
                        0.2628917163340024
                    ],
                    [
                        0.9975159045586911,
                        0.0,
                        0.07044160810526932
                    ],
                    [
                        0.06795126641221082,
                        0.26354639072176783,
                        -0.962250448339987
                    ]
                ]
            },
            {
                "bar_id": "14",
                "deformed_position": [
                    0.44678723504185003,
                    0.21741688247414787,
                    0.2858868102946447
                ],
                "deformed_quaternion": [
                    0.3014762883494061,
                    0.037537069925178426,
                    0.0062586041068276406,
                    0.9527139370341613
                ],
                "deformed_link_quaternion": [
                    [
                        -0.014919359880022638,
                        -0.001788916826447995,
                        -0.00011300401278655792,
                        0.9998870934797847
                    ],
                    [
                        -0.022823194973513233,
                        -0.002730996368770567,
                        -0.00017217890116757285,
                        0.9997357719840082
                    ],
                    [
                        -0.031805281340155145,
                        -0.003794729690692551,
                        -0.00023909395024744354,
                        0.9994868518092327
                    ],
                    [
                        0.008496875083678683,
                        0.0010201441718349549,
                        6.456013250600913e-05,
                        0.9999633784552664
                    ],
                    [
                        0.0037993883935192084,
                        0.00045646919181800683,
                        2.892108023371324e-05,
                        0.9999926776968336
                    ],
                    [
                        0.0009516695357695608,
                        0.00011436559306139895,
                        7.249375704446981e-06,
                        0.9999995405964207
                    ]
                ],
                "relative_displacement": [
                    0.0001998468244007734,
                    -0.00716758747009083,
                    -0.004098596104128549
                ],
                "rotation_matrix": [
                    [
                        0.9998936211156921,
                        0.005183913273130041,
                        0.01363354302173681
                    ],
                    [
                        -0.0030659671782809557,
                        0.9885274977686149,
                        -0.1510098870954579
                    ],
                    [
                        -0.014259954327086261,
                        0.1509520228367209,
                        0.988438233024245
                    ]
                ],
                "local_coordinate_system": [
                    [
                        0.9978576904248655,
                        0.0,
                        0.06542193561759922
                    ],
                    [
                        0.029103738352899686,
                        0.8955990898982906,
                        -0.44390904765192557
                    ],
                    [
                        -0.05859182599850643,
                        0.44486207994540683,
                        0.8936804393925197
                    ]
                ]
            }
        ],
        "joint_deformations": [
            {
                "node_id": "1",
                "deformed_position": [
                    0.33357155534190785,
                    0.16502633298650402,
                    0.30168729869255506
                ]
            },
            {
                "node_id": "6",
                "deformed_position": [
                    0.3411739339432696,
                    0.24043610368099017,
                    0.4169263598966278
                ]
            },
            {
                "node_id": "8",
                "deformed_position": [
                    0.45458193723105206,
                    0.1580425101251905,
                    0.36682980482019995
                ]
            },
            {
                "node_id": "9",
                "deformed_position": [
                    0.4400000005960465,
                    0.2692820310592652,
                    0.199999999996345
                ]
            }
        ]
    },
    {
        "sequence_index": 3,
        "bar_deformations": [
            {
                "bar_id": "15",
                "deformed_position": [
                    0.3885615759798082,
                    0.22215980611633482,
                    0.25736090090044594
                ],
                "deformed_quaternion": [
                    -0.07010307745846976,
                    -0.4363237679070788,
                    0.686009246878479,
                    0.5780124923281881
                ],
                "deformed_link_quaternion": [
                    [
                        0.007798189424074726,
                        -0.0016801145448817193,
                        0.00017904264049476177,
                        0.999968166193582
                    ],
                    [
                        0.013439073073869828,
                        -0.0006990128740780012,
                        0.0001349024092743334,
                        0.999909438147904
                    ],
                    [
                        0.02043110581049207,
                        0.0011535979879496543,
                        8.970008648410074e-05,
                        0.9997905936149516
                    ],
                    [
                        -0.0036241208872995296,
                        0.0017552448168496838,
                        -0.00017556089221030635,
                        0.9999918769879085
                    ],
                    [
                        -0.0009704070805855187,
                        0.0009045885087989931,
                        -9.13789781525286e-05,
                        0.9999991158394143
                    ],
                    [
                        0.0001525146296774748,
                        -0.0008879666279299733,
                        9.196637553026282e-05,
                        0.9999995898982865
                    ]
                ],
                "relative_displacement": [
                    -0.003579782574555046,
                    -0.00033985056091132004,
                    -0.0033458933614864406
                ],
                "rotation_matrix": [
                    [
                        0.9960561301757541,
                        0.03549421230480158,
                        -0.081316335580023
                    ],
                    [
                        -0.038101698757337495,
                        0.9988008938909049,
                        -0.030741420177579665
                    ],
                    [
                        0.08012768617092565,
                        0.033718470540507445,
                        0.9962141429699253
                    ]
                ],
                "local_coordinate_system": [
                    [
                        -0.32054200858240944,
                        -0.7853089792204045,
                        -0.5296627491996778
                    ],
                    [
                        0.8555310877710403,
                        2.775557561562892e-17,
                        -0.5177514440900194
                    ],
                    [
                        0.4065948580482235,
                        -0.619104035809658,
                        0.671856245228798
                    ]
                ]
            },
            {
                "bar_id": "9",
                "deformed_position": [
                    0.3970933817766287,
                    0.25713521938556627,
                    0.3115702577428699
                ],
                "deformed_quaternion": [
                    0.6837069589938375,
                    0.6908252409752259,
                    0.20467021994934706,
                    0.11582478888737972
                ],
                "deformed_link_quaternion": [
                    [
                        -0.011447977978399181,
                        0.003097642659632159,
                        4.781120798458214e-05,
                        0.9999296705890108
                    ],
                    [
                        -0.005146291736711514,
                        0.001392159845088333,
                        2.156818575009879e-05,
                        0.9999857884525859
                    ],
                    [
                        -0.0012912021215899863,
                        0.0003492594430845734,
                        5.418943145880512e-06,
                        0.9999991053923787
                    ],
                    [
                        0.019882151254293226,
                        -0.005382295285292803,
                        -8.255150857909967e-05,
                        0.999787839566081
                    ],
                    [
                        0.02984493682745525,
                        -0.008085091669088204,
                        -0.00012303599446674248,
                        0.9995218336287666
                    ],
                    [
                        0.04036758357480609,
                        -0.01094612156381936,
                        -0.00016545775087403795,
                        0.9991249237421583
                    ]
                ],
                "relative_displacement": [
                    -0.01124791945594772,
                    -0.0036638905501942265,
                    -0.004308622281086416
                ],
                "rotation_matrix": [
                    [
                        0.9818680535004987,
                        -0.007176643993139196,
                        -0.1894297265376729
                    ],
                    [
                        -0.003742271239601417,
                        0.9983545547337549,
                        -0.05722043733086338
                    ],
                    [
                        0.1895286809987107,
                        0.0568918168400496,
                        0.9802255864113767
                    ]
                ],
                "local_coordinate_system": [
                    [
                        -0.018564631572780953,
                        0.9646467228667339,
                        0.2628917163340024
                    ],
                    [
                        0.9975159045586911,
                        0.0,
                        0.07044160810526932
                    ],
                    [
                        0.06795126641221082,
                        0.26354639072176783,
                        -0.962250448339987
                    ]
                ]
            },
            {
                "bar_id": "14",
                "deformed_position": [
                    0.44681408563886726,
                    0.2176590691588999,
                    0.2860317864846593
                ],
                "deformed_quaternion": [
                    0.2999914349175067,
                    0.03764700066166719,
                    0.00633658971060176,
                    0.953177680156305
                ],
                "deformed_link_quaternion": [
                    [
                        -0.014854835777458664,
                        -0.0017874059125674816,
                        -0.0001042040483387148,
                        0.9998880578222968
                    ],
                    [
                        -0.02272341061179423,
                        -0.002729050709110745,
                        -0.00015878574301243683,
                        0.9997380525315033
                    ],
                    [
                        -0.031664103762900984,
                        -0.003792768161505648,
                        -0.00022052012999627436,
                        0.9994913460422945
                    ],
                    [
                        0.008460376712123362,
                        0.001019200404614567,
                        5.952894144091733e-05,
                        0.9999636891971274
                    ],
                    [
                        0.0037831246707709125,
                        0.0004560278942176752,
                        2.6666391547045195e-05,
                        0.9999927396212378
                    ],
                    [
                        0.0009476003984093183,
                        0.00011425323973824045,
                        6.684142016314444e-06,
                        0.9999995444773985
                    ]
                ],
                "relative_displacement": [
                    0.00022669742141800953,
                    -0.006925400785338792,
                    -0.003953619914113915
                ],
                "rotation_matrix": [
                    [
                        0.9998929992705713,
                        0.004883260252980611,
                        0.013789263178392734
                    ],
                    [
                        -0.0027898767339471645,
                        0.9889929645520675,
                        -0.14793624523531143
                    ],
                    [
                        -0.014359895456120084,
                        0.14788194560464266,
                        0.9889007652776263
                    ]
                ],
                "local_coordinate_system": [
                    [
                        0.9978576904248655,
                        0.0,
                        0.06542193561759922
                    ],
                    [
                        0.029103738352899686,
                        0.8955990898982906,
                        -0.44390904765192557
                    ],
                    [
                        -0.05859182599850643,
                        0.44486207994540683,
                        0.8936804393925197
                    ]
                ]
            },
            {
                "bar_id": "18",
                "deformed_position": [
                    0.3885741227024143,
                    0.15318688390958418,
                    0.2576531595931025
                ],
                "deformed_quaternion": [
                    -0.3606662953059709,
                    -0.1688514699244442,
                    0.6204815269298853,
                    0.6755824740720993
                ],
                "deformed_link_quaternion": [
                    [
                        0.010245432151324117,
                        0.00015727649551976197,
                        -1.6557389105702168e-05,
                        0.9999475016769578
                    ],
                    [
                        0.01644388691864825,
                        0.00014721208252192126,
                        -1.733050066110566e-05,
                        0.9998647791632943
                    ],
                    [
                        0.023482166054366337,
                        -0.00017353242063046558,
                        -3.7192389565483308e-06,
                        0.9997242408534772
                    ],
                    [
                        -0.005036765306159651,
                        0.0001529620918630483,
                        -1.6856574314786916e-05,
                        0.999987303576253
                    ],
                    [
                        -0.0009104587308347344,
                        0.0007904414005943106,
                        -9.36293324450033e-05,
                        0.9999992687501525
                    ],
                    [
                        0.002085770284121931,
                        0.0017625077936673846,
                        -0.00021644116356073442,
                        0.9999962481338727
                    ]
                ],
                "relative_displacement": [
                    -0.0035672358519489578,
                    -3.074170839678647e-05,
                    -0.0030536346688299076
                ],
                "rotation_matrix": [
                    [
                        0.9943343721292092,
                        -0.02274587759620794,
                        -0.1038353574404694
                    ],
                    [
                        0.02468200932577844,
                        0.9995439267323808,
                        0.01739933757519172
                    ],
                    [
                        0.10339223770696668,
                        -0.019863624663983614,
                        0.9944422967659585
                    ]
                ],
                "local_coordinate_system": [
                    [
                        0.17301551316978883,
                        -0.7853089792204047,
                        -0.5944370777116791
                    ],
                    [
                        0.9601570064622181,
                        0.0,
                        0.2794611295717382
                    ],
                    [
                        -0.2194633343957629,
                        -0.6191040358096579,
                        0.7540199186361639
                    ]
                ]
            }
        ],
        "joint_deformations": [
            {
                "node_id": "1",
                "deformed_position": [
                    0.3337150311317452,
                    0.17569877467486159,
                    0.3121101984816104
                ]
            },
            {
                "node_id": "2",
                "deformed_position": [
                    0.4400000005960586,
                    0.13071796894056326,
                    0.1999999999989048
                ]
            },
            {
                "node_id": "6",
                "deformed_position": [
                    0.3413393992171532,
                    0.24137290170999998,
                    0.41713062731408934
                ]
            },
            {
                "node_id": "8",
                "deformed_position": [
                    0.45463639005114176,
                    0.15854552762473587,
                    0.3671628492938397
                ]
            },
            {
                "node_id": "9",
                "deformed_position": [
                    0.4400000005960344,
                    0.26928203105943677,
                    0.19999999999649543
                ]
            }
        ]
    },
    {
        "sequence_index": 4,
        "bar_deformations": [
            {
                "bar_id": "15",
                "deformed_position": [
                    0.3885893383717137,
                    0.22215677856352808,
                    0.2573844307681547
                ],
                "deformed_quaternion": [
                    -0.06987339969407612,
                    -0.43606631631954784,
                    0.6861769860034215,
                    0.5780354830509562
                ],
                "deformed_link_quaternion": [
                    [
                        0.00772043000419716,
                        -0.0016858956796098191,
                        0.0001782479582469115,
                        0.9999687599840174
                    ],
                    [
                        0.013318030014980291,
                        -0.0006965101461486169,
                        0.0001339866223077196,
                        0.9999110595436583
                    ],
                    [
                        0.02026837030139657,
                        0.0011649649856301804,
                        8.889733206630056e-05,
                        0.9997938928195012
                    ],
                    [
                        -0.0035898885810973264,
                        0.0017686626520994851,
                        -0.0001754498224407237,
                        0.9999919768426936
                    ],
                    [
                        -0.0009790803857148242,
                        0.000924979714894333,
                        -9.266461074825985e-05,
                        0.9999990886132823
                    ],
                    [
                        0.00010198178673973755,
                        -0.0008612360926530887,
                        8.860998286766554e-05,
                        0.9999996200101172
                    ]
                ],
                "relative_displacement": [
                    -0.003552020182649551,
                    -0.00034287811371805366,
                    -0.0033223634937776803
                ],
                "rotation_matrix": [
                    [
                        0.9961208997925766,
                        0.03518994945415388,
                        -0.08065246712805345
                    ],
                    [
                        -0.037757853719706094,
                        0.9988201953388884,
                        -0.030537875919357277
                    ],
                    [
                        0.07948268666136622,
                        0.033464680494498675,
                        0.9962743686758644
                    ]
                ],
                "local_coordinate_system": [
                    [
                        -0.32054200858240944,
                        -0.7853089792204045,
                        -0.5296627491996778
                    ],
                    [
                        0.8555310877710403,
                        2.775557561562892e-17,
                        -0.5177514440900194
                    ],
                    [
                        0.4065948580482235,
                        -0.619104035809658,
                        0.671856245228798
                    ]
                ]
            },
            {
                "bar_id": "9",
                "deformed_position": [
