[
    {
        "sequence_index": 0,
        "bar_deformations": [
            {
                "bar_id": "15",
                "deformed_position": [
                    0.39097683189690524,
                    0.22136131843583565,
                    0.2588592065175927
                ],
                "deformed_quaternion": [
                    -0.045325257816818496,
                    -0.41869790152843506,
                    0.700128752932493,
                    0.5765912049075288
                ],
                "deformed_link_quaternion": [
                    [
                        0.001411689534143183,
                        0.0009271231931965217,
                        -9.044481632251223e-14,
                        0.999998573786605
                    ],
                    [
                        0.002202630064715604,
                        0.001446571194194105,
                        -6.933998411938812e-14,
                        0.9999965279202614
                    ],
                    [
                        0.003164986619443776,
                        0.0020785961932126115,
                        -3.7621027988599703e-14,
                        0.9999928311230858
                    ],
                    [
                        -0.0007947491218166984,
                        -0.0005219492853817284,
                        4.9203827331101185e-14,
                        0.9999995479712863
                    ],
                    [
                        -0.00035337014754554765,
                        -0.00023207486432058082,
                        -3.187381198503123e-14,
                        0.9999999106353941
                    ],
                    [
                        -8.835441852628988e-05,
                        -5.802652036468923e-05,
                        2.5479293233877982e-14,
                        0.9999999944132099
                    ]
                ],
                "relative_displacement": [
                    -0.0011645266574580315,
                    -0.0011383382414104914,
                    -0.0018475877443396849
                ],
                "rotation_matrix": [
                    [
                        0.9996809136455682,
                        -0.0003119106533052885,
                        -0.025258139371427173
                    ],
                    [
                        -0.00031191052940739654,
                        0.9996951037998052,
                        -0.024690122529429905
                    ],
                    [
                        0.025258139372957178,
                        0.024690122527864698,
                        0.9993760174453734
                    ]
                ],
                "local_coordinate_system": [
                    [
                        -0.32054200858240944,
                        -0.7853089792204045,
                        -0.5296627491996778
                    ],
                    [
                        0.8555310877710403,
                        2.775557561562892e-17,
                        -0.5177514440900194
                    ],
                    [
                        0.4065948580482235,
                        -0.619104035809658,
                        0.671856245228798
                    ]
                ]
            }
        ],
        "joint_deformations": [
            {
                "node_id": "1",
                "deformed_position": [
                    0.34152422914289127,
                    0.173020829068492,
                    0.3170140371076039
                ]
            },
            {
                "node_id": "9",
                "deformed_position": [
                    0.4400000005960465,
                    0.2692820310592652,
                    0.19999999999893972
                ]
            }
        ]
    },
    {
        "sequence_index": 1,
        "bar_deformations": [
            {
                "bar_id": "15",
                "deformed_position": [
                    0.390585124077568,
                    0.2212524249257619,
                    0.25844138897055485
                ],
                "deformed_quaternion": [
                    -0.04661156042443973,
                    -0.4213472520140807,
                    0.6988507006460375,
                    0.5761089774179221
                ],
                "deformed_link_quaternion": [
                    [
                        0.0014195471559706704,
                        0.0009309685371403965,
                        -3.6468525250523037e-06,
                        0.9999985590840396
                    ],
                    [
                        0.0022149238401087913,
                        0.0014525693937404108,
                        -5.689412617668692e-06,
                        0.9999964920549319
                    ],
                    [
                        0.0031827238038311845,
                        0.002087211754582771,
                        -8.173926648768703e-06,
                        0.9999927568485019
                    ],
                    [
                        -0.0007991654373464926,
                        -0.0005241145240930132,
                        2.0532632304390186e-06,
                        0.9999995433170725
                    ],
                    [
                        -0.00035533212549229476,
                        -0.00023303771858294525,
                        9.129854790199938e-07,
                        0.9999999097158304
                    ],
                    [
                        -8.884484371158895e-05,
                        -5.826729133812112e-05,
                        2.2828110213368798e-07,
                        0.9999999943557323
                    ]
                ],
                "relative_displacement": [
                    -0.0015562344767952596,
                    -0.0012472317514842512,
                    -0.0022654052913775313
                ],
                "rotation_matrix": [
                    [
                        0.9995287684813439,
                        0.0011816105175909224,
                        -0.030673193096787163
                    ],
                    [
                        -0.002037735352459726,
                        0.9996087834767401,
                        -0.027894939160807677
                    ],
                    [
                        0.03062823228332659,
                        0.027944298036210253,
                        0.9991401441211648
                    ]
                ],
                "local_coordinate_system": [
                    [
                        -0.32054200858240944,
                        -0.7853089792204045,
                        -0.5296627491996778
                    ],
                    [
                        0.8555310877710403,
                        2.775557561562892e-17,
                        -0.5177514440900194
                    ],
                    [
                        0.4065948580482235,
                        -0.619104035809658,
                        0.671856245228798
                    ]
                ]
            },
            {
                "bar_id": "9",
                "deformed_position": [
                    0.4051909119782936,
                    0.2593550452833897,
                    0.31485414839841874
                ],
                "deformed_quaternion": [
                    0.6949130795388948,
                    0.7019996791372234,
                    0.13582137199331085,
                    0.07645140474091837
                ],
                "deformed_link_quaternion": [
                    [
                        -0.0008793265817012304,
                        0.00024054142295968476,
                        3.9919106315960494e-06,
                        0.9999995844542393
                    ],
                    [
                        -0.0003913864578449386,
                        0.00010706254296732454,
                        1.776862799141855e-06,
                        0.9999999176755443
                    ],
                    [
                        -9.789232391503073e-05,
                        2.6777945119740944e-05,
                        4.44430496545476e-07,
                        0.9999999948499185
                    ],
                    [
                        0.0015586137341649963,
                        -0.00042637667410013987,
                        -7.0751717186229366e-06,
                        0.9999986944371985
                    ],
                    [
                        0.0024232497453986574,
                        -0.0006629457687063169,
                        -1.0998892657119548e-05,
                        0.999996844116322
                    ],
                    [
                        0.003463410251107495,
                        -0.00094758990303037,
                        -1.5717923714106065e-05,
                        0.9999935532870975
                    ]
                ],
                "relative_displacement": [
                    -0.0031503892542827927,
                    -0.0014440646523707912,
                    -0.0010247316255375671
                ],
                "rotation_matrix": [
                    [
                        0.9993930639523753,
                        -0.0015879220526160414,
                        -0.034799169924555506
                    ],
                    [
                        0.0010923424503268117,
                        0.9998977882381047,
                        -0.01425552049268514
                    ],
                    [
                        0.034818249695446876,
                        0.01420885569287575,
                        0.9992926487811488
                    ]
                ],
                "local_coordinate_system": [
                    [
                        -0.018564631572780953,
                        0.9646467228667339,
                        0.2628917163340024
                    ],
                    [
                        0.9975159045586911,
                        0.0,
                        0.07044160810526932
                    ],
                    [
                        0.06795126641221082,
                        0.26354639072176783,
                        -0.962250448339987
                    ]
                ]
            }
        ],
        "joint_deformations": [
            {
                "node_id": "1",
                "deformed_position": [
                    0.34074132443869626,
                    0.1728042870359432,
                    0.31617110959824835
                ]
            },
            {
                "node_id": "6",
                "deformed_position": [
                    0.36930277478207335,
                    0.24912119692613902,
                    0.42935063348045405
                ]
            },
            {
                "node_id": "9",
                "deformed_position": [
                    0.4400000005960465,
                    0.2692820310592652,
                    0.19999999999752657
                ]
            }
        ]
    },
    {
        "sequence_index": 2,
        "bar_deformations": [
            {
                "bar_id": "15",
                "deformed_position": [
                    0.3906439087801533,
                    0.22079681005307886,
                    0.25811390793538647
                ],
                "deformed_quaternion": [
                    -0.04499424024410625,
                    -0.42369632822619135,
                    0.6985915485514126,
                    0.5748276159728573
                ],
                "deformed_link_quaternion": [
                    [
                        0.0014240385855598615,
                        0.0009363947835001529,
                        3.1902042831993957e-06,
                        0.9999985476333147
                    ],
                    [
                        0.00222192944220633,
                        0.0014610785317845025,
                        4.9769706622806996e-06,
                        0.9999964641209026
                    ],
                    [
                        0.003192785478637337,
                        0.002099529971102835,
                        7.150296736273142e-06,
                        0.9999926989951782
                    ],
                    [
                        -0.0008016945748072857,
                        -0.000527160045092501,
                        -1.7961656671594518e-06,
                        0.9999995396923288
                    ],
                    [
                        -0.0003564568397231537,
                        -0.0002343897362763719,
                        -7.986680597763577e-07,
                        0.9999999089996634
                    ],
                    [
                        -8.912609146689069e-05,
                        -5.860515466959386e-05,
                        -1.9969731727679187e-07,
                        0.9999999943109679
                    ]
                ],
                "relative_displacement": [
                    -0.001497449774209958,
                    -0.0017028466241672813,
                    -0.002592886326545918
                ],
                "rotation_matrix": [
                    [
                        0.9994818883868967,
                        -0.0019385888921387797,
                        -0.03212781753668171
                    ],
                    [
                        0.0008702906987991814,
                        0.9994472794590509,
                        -0.033232185844471615
                    ],
                    [
                        0.0321744833783329,
                        0.0331870073222819,
                        0.9989311413527602
                    ]
                ],
                "local_coordinate_system": [
                    [
                        -0.32054200858240944,
                        -0.7853089792204045,
                        -0.5296627491996778
                    ],
                    [
                        0.8555310877710403,
                        2.775557561562892e-17,
                        -0.5177514440900194
                    ],
                    [
                        0.4065948580482235,
                        -0.619104035809658,
                        0.671856245228798
                    ]
                ]
            },
            {
                "bar_id": "9",
                "deformed_position": [
                    0.40530083880881884,
                    0.25843522492837534,
                    0.314804199025045
                ],
                "deformed_quaternion": [
                    0.6944550475437932,
                    0.7022979418630371,
                    0.13827523807823427,
                    0.07341489174750378
                ],
                "deformed_link_quaternion": [
                    [
                        -0.0008772845902084818,
                        0.0002618646707971355,
                        1.0311348579712971e-05,
                        0.9999995808460712
                    ],
                    [
                        -0.0003904781866651599,
                        0.00011655043651791784,
                        4.58975307470557e-06,
                        0.9999999169608544
                    ],
                    [
                        -9.766521517378677e-05,
                        2.9150712739972385e-05,
                        1.1479944142204949e-06,
                        0.999999994805212
                    ],
                    [
                        0.0015549896717329823,
                        -0.00046419551810921014,
                        -1.8275546681224107e-05,
                        0.9999986830969559
                    ],
                    [
                        0.002417603629056834,
                        -0.0007218032469536628,
                        -2.8410602958991195e-05,
                        0.9999968166877349
                    ],
                    [
                        0.0034553159668788106,
                        -0.001031834810395389,
                        -4.059982191541271e-05,
                        0.9999934972089307
                    ]
                ],
                "relative_displacement": [
                    -0.0030404624237575506,
                    -0.002363885007385158,
                    -0.001074680998911337
                ],
                "rotation_matrix": [
                    [
                        0.9994149991196843,
                        -0.003831303081652323,
                        -0.03398500627185435
                    ],
                    [
                        0.003089881375299828,
                        0.9997566624883703,
                        -0.021841896511100013
                    ],
                    [
                        0.03406041937040754,
                        0.021724109344494407,
                        0.9991836422327481
                    ]
                ],
                "local_coordinate_system": [
                    [
                        -0.018564631572780953,
                        0.9646467228667339,
                        0.2628917163340024
                    ],
                    [
                        0.9975159045586911,
                        0.0,
                        0.07044160810526932
                    ],
                    [
                        0.06795126641221082,
                        0.26354639072176783,
                        -0.962250448339987
                    ]
                ]
            },
            {
                "bar_id": "14",
                "deformed_position": [
                    0.4456262653885189,
                    0.2218553265800896,
                    0.2886421240239463
                ],
                "deformed_quaternion": [
                    0.24643753853437356,
                    0.02773130428011951,
                    0.005882862585319454,
                    0.9687439838738844
                ],
                "deformed_link_quaternion": [
                    [
                        -0.001462471703531709,
                        -0.00016040485888461158,
                        -1.879611862704011e-05,
                        0.9999989175461659
                    ],
                    [
                        -0.002279018714428807,
                        -0.00024987374988381353,
                        -2.928751870898352e-05,
                        0.99999737138607
                    ],
                    [
                        -0.0032686105516393435,
                        -0.0003581811767693724,
                        -4.1998981122761234e-05,
                        0.9999945930490783
                    ],
                    [
                        0.000823952568893969,
                        9.039165050620094e-05,
                        1.0590425871792685e-05,
                        0.9999996564096193
                    ],
                    [
                        0.00036649020984144107,
                        4.021039976691599e-05,
                        4.710750967468316e-06,
                        0.999999932022927
                    ],
                    [
                        9.164555120589638e-05,
                        1.0055587124138521e-05,
                        1.1780017265220189e-06,
                        0.9999999957492952
                    ]
                ],
                "relative_displacement": [
                    -0.0009611228289303497,
                    -0.002729143364149089,
                    -0.0013432823748269485
                ],
                "rotation_matrix": [
                    [
                        0.9999586186928348,
                        0.005952113228615053,
                        -0.006879916426196655
                    ],
                    [
                        -0.0062033054915100775,
                        0.9992928450734974,
                        -0.03708542551857793
                    ],
                    [
                        0.006654314607583998,
                        0.037126569098540944,
                        0.9992884158060047
                    ]
                ],
                "local_coordinate_system": [
                    [
                        0.9978576904248655,
                        0.0,
                        0.06542193561759922
                    ],
                    [
                        0.029103738352899686,
                        0.8955990898982906,
                        -0.44390904765192557
                    ],
                    [
                        -0.05859182599850643,
                        0.44486207994540683,
                        0.8936804393925197
                    ]
                ]
            }
        ],
        "joint_deformations": [
            {
                "node_id": "1",
                "deformed_position": [
                    0.3408603235540868,
                    0.17189306195277634,
                    0.3155104676905768
                ]
            },
            {
                "node_id": "6",
                "deformed_position": [
                    0.36952612876496876,
                    0.2472544812486012,
                    0.4292476178829176
                ]
            },
            {
                "node_id": "8",
                "deformed_position": [
                    0.45134862082594557,
                    0.17364535973522152,
                    0.37685598521871555
                ]
            },
            {
                "node_id": "9",
                "deformed_position": [
                    0.4400000005960465,
                    0.2692820310592652,
                    0.199999999996345
                ]
            }
        ]
    },
    {
        "sequence_index": 3,
        "bar_deformations": [
            {
                "bar_id": "15",
                "deformed_position": [
                    0.3907372110378207,
                    0.22232592390518063,
                    0.25943552274491044
                ],
                "deformed_quaternion": [
                    -0.050747458522510905,
                    -0.4109734116945828,
                    0.7008741927431285,
                    0.5807761326710053
                ],
                "deformed_link_quaternion": [
                    [
                        0.0005058825914725806,
                        -0.00083056115326028,
                        1.963024365987241e-05,
                        0.999999526932702
                    ],
                    [
                        0.0010369292547012694,
                        -0.0008945719237147334,
                        2.1692148722817053e-05,
                        0.9999990620236825
                    ],
                    [
                        0.0017410775540793403,
                        -0.0008459383991042313,
                        2.2722747775121233e-05,
                        0.9999981262586708
                    ],
                    [
                        -0.00014880441082612295,
                        0.0006540146183499708,
                        -1.5593904337200168e-05,
                        0.9999997749394529
                    ],
                    [
                        3.413009609420907e-05,
                        0.0003650325500591487,
                        -8.920986872516021e-06,
                        0.9999999327533927
                    ],
                    [
                        4.318713464598556e-05,
                        -3.6459174115387016e-05,
                        7.705439202595992e-07,
                        0.9999999984025032
                    ]
                ],
                "relative_displacement": [
                    -0.0014041475165425532,
                    -0.00017373277206550464,
                    -0.0012712715170219435
                ],
                "rotation_matrix": [
                    [
                        0.9997390467499239,
                        0.010006098049683035,
                        -0.02053573483890078
                    ],
                    [
                        -0.010154770294045634,
                        0.9999228888380096,
                        -0.007148217828568805
                    ],
                    [
                        0.02046262553605187,
                        0.007354888148002655,
                        0.999763565337576
                    ]
                ],
                "local_coordinate_system": [
                    [
                        -0.32054200858240944,
                        -0.7853089792204045,
                        -0.5296627491996778
                    ],
                    [
                        0.8555310877710403,
                        2.775557561562892e-17,
                        -0.5177514440900194
                    ],
                    [
                        0.4065948580482235,
                        -0.619104035809658,
                        0.671856245228798
                    ]
                ]
            },
            {
                "bar_id": "9",
                "deformed_position": [
                    0.40551432911633756,
                    0.2593819644964713,
                    0.3149540264682301
                ],
                "deformed_quaternion": [
                    0.6950444150565077,
                    0.7021794863862115,
                    0.13472783066327024,
                    0.07553569779860486
                ],
                "deformed_link_quaternion": [
                    [
                        -0.0008714350595074275,
                        0.00023907231150195658,
                        4.4086993163377665e-06,
                        0.9999995917128819
                    ],
                    [
                        -0.0003878746170238744,
                        0.0001064082738991419,
                        1.9623909055434152e-06,
                        0.9999999191133516
                    ],
                    [
                        -9.70139739457103e-05,
                        2.6614251720242066e-05,
                        4.908356412517578e-07,
                        0.9999999949398648
                    ],
                    [
                        0.001544620647890567,
                        -0.00042377546136840327,
                        -7.813813264562442e-06,
                        0.9999987172493556
                    ],
                    [
                        0.0024014802953250705,
                        -0.0006589086868344707,
                        -1.2147016086000795e-05,
                        0.9999968992872846
                    ],
                    [
                        0.00343226716074529,
                        -0.0009418349787646802,
                        -1.7358389320708127e-05,
                        0.9999936660737889
                    ]
                ],
                "relative_displacement": [
                    -0.002826972116238835,
                    -0.0014171454392892247,
                    -0.0009248535557261905
                ],
                "rotation_matrix": [
                    [
                        0.9994886606277074,
                        -0.0016946037684799522,
                        -0.031930324061925065
                    ],
                    [
                        0.0012490347495314282,
                        0.9999016458688852,
                        -0.013969198290848684
                    ],
                    [
                        0.03195085583871205,
                        0.013922173205446066,
                        0.9993924734079257
                    ]
                ],
                "local_coordinate_system": [
                    [
                        -0.018564631572780953,
                        0.9646467228667339,
                        0.2628917163340024
                    ],
                    [
                        0.9975159045586911,
                        0.0,
                        0.07044160810526932
                    ],
                    [
                        0.06795126641221082,
                        0.26354639072176783,
                        -0.962250448339987
                    ]
                ]
            },
            {
                "bar_id": "14",
                "deformed_position": [
                    0.44572194309062113,
                    0.2225163350356087,
                    0.28898656893303404
                ],
                "deformed_quaternion": [
                    0.24280082937476513,
                    0.02816317722921006,
                    0.006110250344006351,
                    0.9696480070334884
                ],
                "deformed_link_quaternion": [
                    [
                        -0.001442572147636111,
                        -0.00016090064922879286,
                        -1.607148278794466e-05,
                        0.9999989464185887
                    ],
                    [
                        -0.0022479827297342183,
                        -0.00025066107057549353,
                        -2.5042487194719973e-05,
                        0.9999974415545013
                    ],
                    [
                        -0.003224043065391154,
                        -0.0003593417879684601,
                        -3.5912327279620205e-05,
                        0.9999947375512016
                    ],
                    [
                        0.0008127468245309644,
                        9.066774753224229e-05,
                        9.055171360881887e-06,
                        0.9999996655699255
                    ],
                    [
                        0.0003615071800040322,
                        4.033248006171475e-05,
                        4.027828878788504e-06,
                        0.9999999338348111
                    ],
                    [
                        9.039956585181056e-05,
                        1.008605956200516e-05,
                        1.0072237192983763e-06,
                        0.9999999958625877
                    ]
                ],
                "relative_displacement": [
                    -0.0008654451268281238,
                    -0.002068134908630004,
                    -0.0009988374657391996
                ],
                "rotation_matrix": [
                    [
                        0.9999674985981334,
                        0.0051292025175637395,
                        -0.006220372089019549
                    ],
                    [
                        -0.005311246002534116,
                        0.9995473825246369,
                        -0.02961115928240138
                    ],
                    [
                        0.006065675007169523,
                        0.02964323480460589,
                        0.9995421382898404
                    ]
                ],
                "local_coordinate_system": [
                    [
                        0.9978576904248655,
                        0.0,
                        0.06542193561759922
                    ],
                    [
                        0.029103738352899686,
                        0.8955990898982906,
                        -0.44390904765192557
                    ],
                    [
                        -0.05859182599850643,
                        0.44486207994540683,
                        0.8936804393925197
                    ]
                ]
            },
            {
                "bar_id": "18",
                "deformed_position": [
                    0.39075890833084126,
                    0.15320986035492323,
                    0.25959284094898266
                ],
                "deformed_quaternion": [
                    -0.3332415786340009,
                    -0.14387080807583214,
                    0.6267733317786488,
                    0.689497230903952
                ],
                "deformed_link_quaternion": [
                    [
                        0.0011668762859752334,
                        3.2961908621783355e-05,
                        -7.212610191138639e-07,
                        0.9999993186561307
                    ],
                    [
                        0.0019383625501857953,
                        5.647551347066976e-05,
                        -1.24210143667348e-06,
                        0.9999981197780312
                    ],
                    [
                        0.002829724732613163,
                        3.796804922631122e-05,
                        -8.490931574602531e-07,
                        0.9999959955998045
                    ],
                    [
                        -0.000517724196812477,
                        3.27189158546248e-05,
                        -1.000510788503324e-06,
                        0.9999998654450548
                    ],
                    [
                        7.501203972181209e-06,
                        0.00014067141941372463,
                        -4.0686463532002e-06,
                        0.9999999900693649
                    ],
                    [
                        0.00040792728375483775,
                        0.00029100717056318746,
                        -8.486380760347647e-06,
                        0.9999998744190618
                    ]
                ],
                "relative_displacement": [
                    -0.0013824502235220137,
                    -7.765263057735172e-06,
                    -0.0011139533129497226
                ],
                "rotation_matrix": [
                    [
                        0.999622224700542,
                        -0.006161241681131289,
                        -0.026785200870739226
                    ],
                    [
                        0.006286837443158577,
                        0.999969623692084,
                        0.004607316797792613
                    ],
                    [
                        0.02675600044293725,
                        -0.004773970471066317,
                        0.999630594592942
                    ]
                ],
                "local_coordinate_system": [
                    [
                        0.17301551316978883,
                        -0.7853089792204047,
                        -0.5944370777116791
                    ],
                    [
                        0.9601570064622181,
                        0.0,
                        0.2794611295717382
                    ],
                    [
                        -0.2194633343957629,
                        -0.6191040358096579,
                        0.7540199186361639
                    ]
                ]
            }
        ],
        "joint_deformations": [
            {
                "node_id": "1",
                "deformed_position": [
                    0.3411190780706892,
                    0.17571686679981388,
                    0.31884922275436495
                ]
            },
            {
                "node_id": "2",
                "deformed_position": [
                    0.44000000059608274,
                    0.13071796894051108,
                    0.19999999999878582
                ]
            },
            {
                "node_id": "6",
                "deformed_position": [
                    0.369958362471604,
                    0.2491766427107394,
                    0.42955664427481666
                ]
            },
            {
                "node_id": "8",
                "deformed_position": [
                    0.45154062534026435,
                    0.17497505222309043,
                    0.37755632181615667
                ]
            },
            {
                "node_id": "9",
                "deformed_position": [
                    0.44000000059601024,
                    0.269282031059489,
                    0.1999999999966144
                ]
            }
        ]
    },
    {
        "sequence_index": 4,
        "bar_deformations": [
            {
                "bar_id": "15",
                "deformed_position": [
                    0.3908275030506831,
                    0.22232365412959074,
                    0.25950854886389507
                ],
                "deformed_quaternion": [
                    -0.05024885224709496,
                    -0.4103698194698672,
                    0.7012274683938228,
                    0.5808198530406037
                ],
                "deformed_link_quaternion": [
                    [
                        0.0004087129363841483,
                        -0.0008377431705443223,
                        1.8412808442900744e-05,
                        0.9999995654004478
                    ],
                    [
                        0.0008953425861344317,
                        -0.0008978232878364565,
                        2.0249052755563395e-05,
                        0.9999991959321634
                    ],
                    [
                        0.0015551015416206907,
                        -0.0008451528301152926,
                        2.1143982422937063e-05,
                        0.9999984334631835
                    ],
                    [
                        -9.592185145751217e-05,
                        0.0006650336172049637,
                        -1.4742172314789543e-05,
                        0.999999774155952
                    ],
                    [
                        4.295571574926091e-05,
                        0.00037980724787391363,
                        -8.603075320117196e-06,
                        0.9999999269136214
                    ],
                    [
                        8.228844312516792e-06,
                        -1.799839422287505e-05,
                        3.8059389817410926e-07,
                        0.9999999998040996
                    ]
                ],
                "relative_displacement": [
                    -0.0013138555036801836,
                    -0.0001760025476554017,
                    -0.001198245398037312
                ],
                "rotation_matrix": [
                    [
                        0.9997749222890554,
                        0.009318926147703578,
                        -0.019059443259633924
                    ],
                    [
                        -0.009446402310303038,
                        0.9999335391955906,
                        -0.006609287039647805
                    ],
                    [
                        0.018996585095891836,
                        0.00678784260529084,
                        0.9997965067689828
                    ]
                ],
                "local_coordinate_system": [
                    [
                        -0.32054200858240944,
                        -0.7853089792204045,
                        -0.5296627491996778
                    ],
                    [
                        0.8555310877710403,
                        2.775557561562892e-17,
                        -0.5177514440900194
                    ],
                    [
                        0.4065948580482235,
                        -0.619104035809658,
